12680
1977
4626
4050
17193
5878
13711
2490
13274
13971
14023
333
7480
13963
7748
13440
2945
1305
17900
3223
8295
15980
18496
15988
3219
13967
8391
11234
10038
12400
1175
19074
14322
6792
64
1090
4951
10783
11566
2768
14430
252
9199
15661
13158
8853
17302
9260
1243
19510
5620
19221
17054
15633
12462
16597
240
4530
1060
5546
17649
7917
19686
1078
9162
4419
13419
10433
14944
14562
15430
16480
10216
18622
12538
7161
19178
12391
2251
11405
8193
17587
13894
6349
1257
11800
4492
17417
2932
28
14427
11229
17605
18127
15604
2863
11265
10592
13283
6737
17468
8631
17179
1871
5751
5624
2346
8299
7132
6253
4354
612
2728
18111
1141
7171
6190
5137
6029
8452
16809
12235
5458
5683
18881
16383
15269
11968
1604
7123
851
11554
11756
8146
10833
304
16710
19024
19455
16515
2855
15666
18625
18453
5520
8075
3523
5393
14618
9678
15145
9062
18506
235
14845
17447
18706
15302
11517
6317
7993
6382
11537
18518
18543
19074
16302
14018
13462
15620
11386
7523
3060
17880
18149
3358
3805
17780
15076
6922
19902
10130
17574
10064
17807
3203
2469
10828
12007
11587
10460
11628
14695
19607
6097
13581
10194
10930
8553
2685
7351
1707
15971
5631
10940
17381
13313
15162
16189
14648
10016
12043
4104
255
18528
3933
19855
2614
1224
9122
7359
7529
2128
14929
3858
4649
3119
7579
13111
2220
15319
327
19083
15259
16621
15416
4119
18313
18149
14142
7801
17270
1367
15850
8414
18437
5156
5265
16250
8238
19789
7433
6857
168
5107
16170
1791
16997
5189
3469
15664
13633
9572
17173
19705
9393
1323
7249
14479
11972
4771
14228
2176
18405
7243
13619
19488
11001
19597
12958
114
2652
10465
660
10514
9548
5725
6664
11316
4340
18205
11170
12704
3325
12357
11058
10146
15809
15782
6093
10526
19824
17508
100
14561
19739
3557
13606
12563
11542
6480
4019
12224
8864
16993
3410
6309
5235
14248
6959
2444
2158
3220
15620
16913
18613
14161
4188
14415
16783
6403
9414
15873
9680
1524
17262
7392
17851
19498
5494
6608
10875
18840
14798
9920
1286
3295
5149
8513
12704
2192
15953
8956
5325
15611
9300
11965
11087
8479
10887
2987
4641
2642
12126
8938
13199
2297
1412
8879
10545
7059
17332
15029
6565
14100
301
12572
5034
5447
9906
19001
9762
5399
17336
15433
15891
2164
6865
13513
18372
9910
19141
11293
12054
12294
11057
655
6979
341
3169
13586
6900
10149
16967
12574
591
15893
10485
18057
17502
8165
2522
14972
17930
9879
16323
3657
7482
3349
7785
14368
9872
18941
14951
11207
15061
12326
14181
11504
13127
17694
12984
15668
4877
12771
15931
17558
10376
12702
10389
17246
9251
10902
13321
14828
13332
12651
3883
10481
11078
3647
1204
10358
9471
15882
19479
18774
15081
13055
3386
17410
11712
19910
8353
16782
1394
9439
12805
18623
4620
5380
13172
18046
7139
2258
3453
3477
11568
5328
9696
11012
7620
14661
3010
10941
209
10448
18920
18266
9056
12806
1989
3830
3682
2033
16984
8854
10354
1658
9572
153
3773
9506
3121
15430
3617
8790
5356
19922
15590
12299
7546
11769
17787
9122
13507
9308
5402
15852
4542
1680
16011
7281
31
10259
19064
6402
19824
221
5380
12441
2287
13711
14328
14891
5390
17416
8671
13273
1473
14797
2725
708
19451
4497
16118
15217
16707
8885
9015
14802
8058
7240
18724
7765
16411
19129
12734
19629
19241
16522
7146
15687
10576
5989
10593
13171
1990
5101
5583
13817
16563
18835
19546
15277
16820
3811
10455
4463
3353
10274
11000
2122
14106
10239
3576
13480
12761
15730
11116
15614
11423
14166
8663
9364
2580
19841
3125
14408
11526
1990
9873
10969
5160
5358
15487
3155
6527
588
19845
19057
8525
3948
5987
8548
4070
15940
1779
13078
4897
19950
2240
10739
4381
7684
10366
7490
12141
938
16117
14557
83
7761
11660
3308
2828
7963
7587
13676
12879
19441
9734
8496
2898
4246
2251
14145
7368
5226
4903
3657
19994
10099
6562
4843
17927
9911
5493
4482
15034
15799
11517
13127
15748
3339
721
16859
4542
4296
18266
11491
16384
15298
13026
5561
15959
17437
10866
18323
3027
18423
19437
15649
2206
9593
18059
19659
11577
13111
19061
1417
1135
12085
2556
1076
3578
10967
17244
14955
16247
2232
9286
7798
8806
6174
234
18224
834
18932
2262
18486
17242
17746
14609
2468
9220
8280
17628
18763
18470
18362
5743
5910
6939
13695
4582
10210
10885
19863
4989
14782
17237
12900
16872
14079
11955
11763
5276
7832
11950
16619
12695
17660
6831
9377
2191
6418
4723
7154
11047
16492
19225
2189
9552
5111
17287
14409
15077
4381
2478
4449
18752
2986
6880
6438
1941
10389
9420
12298
261
3890
18419
18348
236
8879
6087
18174
12084
3928
7959
315
4956
926
13400
17892
7460
12990
17973
7980
8910
16028
17148
10026
8327
9556
10808
15375
11434
19607
2752
163
1177
18612
5444
7126
19281
6891
14545
2937
3299
10353
12180
4194
14866
14040
8826
12518
9352
1900
13678
10893
6766
7533
13061
3326
11875
6550
14293
3066
7762
10886
5011
6677
5795
2372
3241
2952
11567
1532
19822
13621
16426
2371
14359
17869
4748
4256
16585
9403
11361
8195
11512
3853
17570
14544
6898
18147
12980
4533
13511
8697
3414
8869
6645
11620
7880
13068
7857
16700
17270
11248
4090
6039
1644
10442
1488
13221
9573
14589
10411
16987
11865
11027
11043
4415
1601
14680
6538
11009
9033
3827
12394
16107
17447
1750
16989
2314
9003
3602
1777
18017
9984
16477
17171
6886
13095
10769
18711
12345
6371
11266
5799
19009
6793
7815
10058
939
1780
1473
2434
16263
8421
13438
13971
5138
6098
12391
875
1820
3525
13121
1955
17334
3848
5252
14276
18933
8033
831
17270
13049
13645
11448
9347
13615
5121
7618
16991
19694
6562
17606
11749
14264
5410
19816
7577
19990
14427
3729
18459
5625
14492
15038
10422
18986
8558
9447
15966
14721
16265
13584
17608
1488
8907
6136
6092
3973
19992
15208
18681
13997
16947
404
2195
5402
4106
9541
8160
3997
7182
15643
9487
11187
2979
19240
7884
5204
4602
15762
18112
3337
8890
3505
6424
6250
19255
19213
15313
10437
18295
13243
6362
8335
6296
6601
13411
2806
10385
12800
640
9333
16192
10231
5503
15299
16671
1617
13870
14260
16461
3291
2894
8957
1785
3787
16960
11615
9161
14455
11526
18959
19102
4983
945
7166
972
13402
7503
1623
15542
14278
6643
4753
6893
4254
6261
1813
4964
11619
8251
4288
16133
2053
3279
3185
11004
14348
1895
8168
6729
12458
10747
6141
15870
17186
4687
13376
5378
3776
317
17872
9687
3456
4508
14354
5526
9286
18027
2071
19980
2673
2162
17347
11331
4510
18265
4357
4909
19309
12132
18420
1657
12507
15488
6058
15555
15437
17158
19827
14381
11272
5419
11784
2895
678
5234
18530
4570
7117
18756
1134
18285
1862
12349
8116
10223
2351
11709
1987
13152
4290
5349
7202
12953
18099
11025
11478
18078
1637
13627
11522
5840
18498
9690
4418
18238
7087
13974
5937
16616
11658
7618
5998
4660
5853
18764
11423
13159
9958
2200
5578
11365
7134
15395
12314
9392
5538
19407
2499
15369
18409
2886
576
4970
10807
13918
5797
13482
10516
18561
6650
18006
31
17523
3092
4131
2826
18949
17553
17752
10209
1449
8899
13158
2871
16814
16385
6105
17128
17924
2352
1297
16637
10126
15735
8412
7278
7247
9917
6504
3198
8346
1111
5257
3191
11488
2778
11505
14846
1038
19901
18705
12291
19233
15043
3184
16585
8717
5537
8116
19707
19087
12561
13048
13506
12670
12859
14789
13598
11113
15092
13106
10121
16213
1085
10040
3317
12825
15893
18086
5495
7677
18493
7852
17075
3822
15121
1728
17680
14850
7841
19141
469
1107
4676
5861
3754
7974
6153
1100
5800
3378
1120
6303
19613
4409
4627
5472
16069
11463
16516
16619
19437
13257
5698
15321
12890
13468
15950
1226
19328
7882
615
2832
11499
2867
18675
821
11145
2465
4680
12556
7865
18076
8421
14794
14256
16657
17417
13620
1445
17854
3362
18836
8230
15186
17719
16725
4470
18525
11383
16220
7735
14262
11213
5801
3353
5227
1446
16854
15987
1321
13906
8756
16129
18646
12541
543
18043
19742
9625
6279
3025
75
15256
11939
9374
4909
13421
15264
11867
16376
17104
15506
1722
7016
15109
6579
8053
16753
5544
6675
2119
16062
17821
18525
13666
5791
12558
4436
12702
10102
9041
5984
18016
19094
18172
17654
18483
6983
10908
15646
7926
9902
1657
6969
19073
769
9506
238
9240
17955
4197
14798
6602
12058
19214
15887
2304
15697
14456
14762
11997
19590
15438
6540
14383
2330
14691
15189
4239
2791
657
16292
10729
3499
17962
18750
18415
7627
19754
18104
19521
6578
15707
9860
2701
11980
8925
16175
14753
18460
2891
11390
9049
7527
5405
136
11159
9426
4472
11591
5645
18748
4069
18858
2323
11183
10064
15040
7373
10757
3484
5476
7940
12940
10217
5499
16127
9202
2455
19206
18028
6118
5150
15319
520
1111
18704
17508
13611
18239
1091
13230
17443
13587
12341
19897
14296
13784
6461
12490
9532
15437
14581
18489
4515
13
4898
8065
16645
8187
13717
6150
2463
68
1637
11943
11983
4581
7519
9901
4627
5359
5512
9949
19960
16454
4256
11625
6591
2824
3596
14237
13113
18626
17585
10504
6761
5857
18573
7127
7141
14994
4136
254
9788
15240
8644
12646
17682
6932
16795
14799
13125
5712
8925
7882
18885
15187
6545
17144
10376
16214
15919
17935
3738
11818
15156
9259
15220
14463
15677
25
13487
14605
15039
4097
11103
13048
14799
11772
1251
3264
2721
11780
6247
4463
8223
13908
5029
14769
18276
5002
18260
19062
6440
18794
9505
19749
1019
16496
14412
16101
7840
15018
16909
16554
12877
5595
8787
3291
13928
9825
1229
12056
9639
14812
10959
2125
3495
11600
11154
15775
5090
4175
11500
13764
14770
19691
18077
14537
15901
16975
12292
17927
10993
5667
9330
13002
12681
10462
11772
16268
6162
6797
9811
16196
18782
18530
4528
18997
2518
2278
12483
1499
7544
15899
13560
1789
13392
14211
13186
17760
17802
18134
5228
14889
10562
9730
13695
2900
9070
10108
6647
13831
15630
16637
12530
14700
13872
4524
19460
19036
19480
7732
1581
8360
15824
6594
14679
7334
293
10891
13991
19191
2275
15174
17990
11897
9881
12789
15416
5121
3913
11802
17053
19867
3403
17070
716
7216
6584
13164
7424
9987
8838
12235
18542
2455
12432
15331
366
7645
19115
19831
18753
17986
960
19470
5978
13871
17396
10059
63
13507
6091
5392
13250
15879
16084
10935
607
19775
3313
11177
5782
8576
9265
8946
14864
15014
16970
10428
8974
9424
12325
569
1831
12072
16977
2884
5971
721
6493
16775
547
12073
6517
17168
4881
1973
19668
4570
5439
8910
19534
17367
13102
993
13607
4505
10493
7240
17323
16785
6765
2557
2644
5773
16524
18267
9654
16267
8421
2984
8128
15642
17131
10515
4042
17202
9467
16673
12407
12858
1373
8799
19908
16862
16732
8021
3300
6956
3228
2663
3667
3793
12152
8544
17083
5698
600
16444
11897
19235
7414
15766
17716
2394
7452
5187
6116
11599
17147
10264
538
19263
9306
3800
13264
8950
19884
12614
10227
4943
8532
19354
8563
4111
8359
12994
11506
16917
6668
18034
14764
6800
7380
13771
1817
11245
1983
2693
406
17587
17260
15548
11623
6990
3635
12054
4446
19869
3511
9077
15004
17875
15243
18605
4558
1950
6731
14238
16756
745
12982
6962
16414
1590
18420
10766
18443
2539
7700
6097
12504
1809
2295
6720
11402
1665
14185
18229
19615
14214
9088
2307
8868
4625
6510
15138
15152
3007
6299
7561
11346
2689
13616
19870
2079
10014
8393
15221
4964
2375
17487
19247
7256
19607
6939
4761
3346
16257
6883
11955
6463
7771
4873
2144
18373
13618
13103
3103
10460
15939
5847
10577
6432
17206
9071
919
16463
9650
10267
15443
10525
9578
13953
1446
589
18887
3940
8736
5694
6483
10304
12140
3282
2165
6488
13120
19726
8035
5635
4147
13742
8311
3100
16540
12206
5556
8735
17896
6467
12372
9958
18511
17540
16619
2920
19358
2928
13730
7725
3551
4471
9314
6476
1009
5677
13477
2083
17359
905
10228
8190
8280
7711
14511
14170
11688
10042
8930
15131
16984
18097
14898
294
7356
11308
937
653
5778
3013
9233
14308
19064
5947
19886
14815
7101
14002
3143
14458
17414
16395
9904
14876
1125
15276
8102
1238
541
19625
6953
6252
780
19205
2308
3732
19113
16873
12384
8360
3241
12345
2016
15134
4758
19101
8557
10340
17369
8952
17435
8061
13025
2524
9689
1854
11822
15803
2189
19004
19092
13869
2947
12734
7126
16970
17208
17637
5892
10051
4706
7389
6342
19315
10130
1357
8998
11715
8021
7257
7687
1154
11972
5452
2434
5358
10872
4629
7337
12328
6714
9644
6842
19146
19461
2815
3086
19959
4914
2431
12056
1054
5010
5693
12164
14232
16620
14094
11387
4320
19437
3830
16004
18464
8296
4246
1617
4060
19322
8887
9567
4011
9990
12733
4978
6251
4355
15591
6920
5307
6466
13236
12310
5236
9785
2401
11466
9459
15175
8586
473
5886
7033
133
14155
8344
14900
2429
1157
10636
11205
29
8994
13598
10882
18929
6859
5176
4647
7665
10248
19590
16197
10311
6181
18546
10752
291
11368
14301
13319
5206
6942
11432
1550
6649
19437
469
13899
17978
7977
9969
9271
10078
12084
2450
8169
15912
19761
1954
722
19447
1144
11757
12850
8086
6483
8786
3799
3070
12707
19158
4260
16828
87
17765
15311
18693
1852
18396
14652
6264
4894
6245
3867
570
9203
12479
17008
9206
9886
2982
638
3184
16758
660
2939
15816
19821
2877
4190
18081
17044
15201
4701
713
15153
16081
16631
11643
12010
10656
2644
5673
15140
8487
10779
1655
4629
10187
18581
9295
9638
17560
11893
2050
13743
19816
14374
6044
2136
9343
13370
5281
2785
3621
9351
10115
11075
4857
6597
13417
16395
6890
16134
19396
16298
12283
1159
16793
12393
13487
14096
14744
15594
18509
1730
11353
4617
3078
9093
17242
1434
6796
2410
9568
13197
2032
16935
9704
10192
5076
13890
14403
16210
13572
18564
7000
16304
8263
16895
8907
9075
2775
11763
2777
6775
8395
14219
19114
11387
6144
15997
14871
18552
6519
1733
11057
14447
19601
6851
12706
6642
18486
8931
16495
4872
14538
9273
1468
6734
15904
840
16404
19697
14641
1142
7636
2482
18099
12345
14185
15141
13353
18212
7243
14441
16973
9023
9422
6986
19565
5804
14309
10500
9260
16068
10828
16256
14219
8852
15526
13590
12194
4563
15733
16123
6283
15450
17010
13176
17314
10441
6266
16056
18908
19262
319
9302
3288
11940
3609
3020
7382
19707
19712
7117
12300
3607
3690
10694
8950
7975
10597
16092
7504
3397
15264
1714
4848
12685
8209
3512
3133
14785
6305
4057
13738
18849
754
18780
7619
8417
16137
13218
7741
7769
10924
2260
10784
2124
7853
12043
7589
9704
15041
12838
15943
1861
4347
16465
3111
1729
18422
1317
11641
7938
14488
14130
10158
11094
16542
10676
4672
18495
1893
7344
18313
2089
1942
8624
11171
12000
14280
301
7143
9856
18526
10983
9295
9570
16052
8664
19967
2598
16239
11022
16046
1353
13177
16022
17692
12497
1487
13843
5326
380
12373
14287
2983
17102
9375
19009
6828
15685
5855
17831
12370
25
9986
9158
17912
16055
11065
14029
343
8717
6024
11925
3152
16223
15258
11636
19799
17612
17013
16695
4118
13052
19017
18670
6376
5381
11363
12128
10054
16232
4050
1261
4819
16560
1063
7766
15338
18883
14860
1801
5610
12243
3547
552
8331
15458
16732
6910
3963
12609
12517
15433
7277
5266
8892
18246
7344
469
3697
10847
12779
1153
11003
14346
3680
14879
16514
8715
19754
16142
1994
3235
10787
14308
67
19387
7150
18812
6519
14307
576
16284
8022
2105
8007
4508
19029
5451
7752
14082
1594
13272
6480
10517
8837
14487
14911
15505
6435
6290
11664
747
17352
2129
17143
18534
1206
18678
17137
18165
8815
1674
15236
6829
11230
6658
14902
4577
13423
1529
16819
1956
8964
13701
17090
13182
14161
13238
6675
17225
4306
14074
8355
4232
13175
9007
11689
3620
2287
8371
11188
3445
14550
7145
3859
18578
14943
18875
10387
1911
2411
17895
5948
15943
1171
5248
17332
15675
14754
7524
6543
4717
17596
9121
19440
14619
12932
17611
9875
13157
10095
18174
16780
17820
8628
13679
1363
3208
13149
1551
18186
19613
15756
17667
19932
16538
14572
13054
4926
24
18446
11478
11623
4426
16979
19401
360
8584
5291
11421
6242
9373
16921
15437
14928
4308
6559
1632
14404
19929
8413
18242
10269
19061
10572
1251
16689
12261
6469
8128
14829
19881
6478
1965
5629
16448
8242
12110
19339
8118
16072
16143
8246
10812
11006
12488
5944
12781
13714
3245
11451
15959
12903
8017
5352
3628
5240
6375
17306
13543
1625
401
4256
9764
7710
19505
1636
1574
11191
2080
7489
14367
4655
3248
9276
7034
997
14226
6654
4398
5667
11572
14426
18761
10547
756
3098
674
2053
11
17761
16423
5693
961
5915
235
19072
18040
18514
10079
8064
12300
267
17379
13794
4914
3605
19546
8458
10507
7149
10499
988
16511
13792
16809
16557
11436
8621
8311
10205
8085
3595
6298
13648
9492
11909
9403
6928
9878
15098
7526
3609
15482
5214
7427
7853
18635
8144
8880
3694
11353
15367
6924
9384
7964
8594
10119
11368
2519
914
12664
7766
14732
16512
11049
8901
601
5702
18786
19626
3450
13322
2723
13730
15798
3904
7641
6390
4175
6038
18735
6656
13215
6609
6384
14042
6375
7386
11293
7267
988
6273
7786
13969
16296
6832
12251
5809
11875
6141
7439
1929
14622
5194
2995
1784
4580
13972
14451
14023
1668
16448
11695
8071
4849
3419
8006
12198
9959
14631
10304
4008
17076
14543
3277
12603
13130
4739
12093
8928
1917
10354
6069
4232
8115
17763
10101
5662
12745
4451
11497
11984
9205
1736
1990
3108
2218
12155
14554
15020
15606
19905
1458
11244
15554
10043
7644
19570
7772
10250
8701
9892
6190
18980
1130
18550
12605
17114
8088
11295
12311
105
17259
15110
7193
15481
7853
3482
3683
391
19868
7928
15757
3155
6857
2405
1263
3665
17200
16215
19803
9199
13021
15228
10843
16148
12059
12186
19801
17358
5165
6809
16853
11162
18877
19492
2674
7861
15082
8152
10018
8531
17045
7120
14804
18847
11708
15370
16220
14470
19587
7122
15952
19900
6782
6684
10916
15579
13120
12475
1885
15693
11924
8549
2190
7743
10525
2385
11404
19096
2744
5728
4197
6828
4357
1954
12560
6073
7522
18747
19570
5564
6604
6222
4854
11142
3520
12267
11525
7144
2153
7631
18815
4023
12945
3443
1704
271
1187
14208
10453
15954
15719
14413
5956
19723
14257
6600
710
12438
5871
14983
9345
15093
2929
8806
6911
14711
16419
7540
7220
5319
14627
8982
19296
17266
16866
12174
10402
6202
12715
18920
9143
5801
10095
12251
1922
18698
5614
4586
12638
5110
4852
19327
2274
10887
12996
12341
10107
16124
17686
7359
2958
8437
885
14846
15809
15534
4009
8250
5004
13636
4338
14399
14586
9303
6809
17153
4815
3550
10332
4838
4175
17094
4862
1246
266
11333
13360
2216
5520
1192
18366
17857
5624
10504
16871
12378
19306
1225
15080
12527
3461
2555
6288
4110
1154
7681
18433
6233
19984
10256
592
10184
8302
17773
16896
4666
12958
1347
625
14339
19154
5825
1600
8209
3312
12669
1945
7376
14301
19731
12661
2533
16569
13369
8496
9430
11172
3941
203
7249
212
8057
2194
9916
8768
4785
10581
18673
1896
7393
7357
14988
9435
6592
685
6947
14849
2937
4635
7777
16007
6696
12439
14422
11253
9740
7969
15393
11512
16047
3412
3236
587
17077
8635
7635
14278
15310
15383
13013
12601
3381
12192
9278
11164
8280
6401
9005
19095
601
12979
16085
15428
3177
2978
7306
17727
12269
1716
3895
17803
4031
1508
2995
4257
12174
16885
1376
9600
18281
16740
2034
18606
17067
4235
9718
9310
15251
19595
19168
7795
2703
5221
18867
10444
3601
13258
3900
3913
11431
12252
5176
12305
3126
11717
14586
10428
1031
3966
8421
2822
19999
13367
11474
56
19328
16329
799
5601
11026
1683
5816
17429
8844
4412
6707
11417
1097
15817
10516
6449
9372
16561
17682
12640
3885
156
8161
18107
2317
9216
5273
15155
2662
55
9380
19869
16392
19209
14948
4963
4390
19122
4829
2354
14441
10706
13805
583
15745
8393
9703
13074
16449
3708
15888
469
8814
16322
7392
8751
1480
9130
1878
16421
13299
3161
773
7123
18027
5054
18137
971
8492
5447
18413
4164
8638
3083
10809
14063
6596
16605
1527
5418
18735
2994
18197
16626
17954
9470
1780
3260
2411
14746
16375
1944
18690
654
1226
6860
2474
6737
10070
19799
892
19584
2930
10685
9411
4041
11532
5742
11086
11722
11059
9671
16425
15071
15341
15757
19271
17777
1065
18214
4353
13617
5359
11830
15120
15721
729
6387
11524
16069
5675
2795
17897
12180
234
5648
18630
19187
6020
418
2806
3360
1184
4957
13322
7019
3176
2716
8446
236
14699
449
7201
15780
5448
19788
15650
15796
12490
10172
9847
9494
1045
3749
10441
5838
10313
12347
3335
9468
17584
7470
4552
6098
6492
18477
14553
6544
3520
7428
18081
11121
5768
8416
1028
4470
12459
8628
13296
13466
606
2939
3358
4971
1007
1633
3620
17312
15226
6180
6842
8570
2181
435
8451
107
17061
13464
5746
3987
19997
19668
14775
19911
9966
2099
17288
7087
3136
8933
3783
18150
13710
16210
4797
8488
4436
9580
10940
6185
10219
7940
14187
7473
8871
14528
6429
12887
9265
16097
15667
10912
12266
10996
14823
1154
7208
17389
19036
19380
16050
9253
14270
19152
12899
10577
12176
11321
1192
14752
13473
12711
16516
3711
12560
8040
6202
1094
5853
6773
16977
3235
13703
19468
2087
8774
1120
988
16397
587
16736
5441
9969
8365
16999
1417
8055
18336
5446
11151
7891
1474
12974
2607
14847
15137
16729
11173
8193
830
6013
19281
713
10116
11707
7477
8797
14009
17092
11657
13932
17387
10166
5155
13303
12615
17955
1245
5983
17567
10774
10323
13714
7363
5042
16467
11249
9325
6111
3768
14319
19168
3565
2456
11911
19105
3438
6278
4288
17704
16760
13355
8273
3218
15678
13549
6266
16916
7744
16542
9484
16081
16172
7020
14989
14889
18747
16992
17588
8019
13902
2088
7924
1755
9303
18001
7401
13472
3721
9255
10
16801
18211
5510
15124
16925
541
14207
16759
4821
9457
7436
13533
9647
3608
7345
14234
16764
2188
18344
9677
356
4286
9487
12687
12006
7330
4690
17553
18349
19620
4038
2526
16665
9616
5381
12709
2582
12195
18919
16294
11947
12531
18599
5073
1723
15843
10860
17184
12335
6635
8625
3818
7084
1388
2155
10625
2622
12547
10459
1987
2266
6953
8617
5275
17272
4498
1977
15197
11309
8358
8468
7159
3855
11872
10857
10776
16334
640
1419
8321
18250
19618
1791
1113
6001
4712
4007
18822
11690
13629
1878
12210
19425
15043
14317
11405
8065
674
469
14739
15348
11821
19152
10874
9786
9382
9503
17936
913
5450
8000
9042
5259
1384
8369
9227
4099
7494
12430
15786
7856
4831
18167
11111
6132
5307
19922
260
10403
5046
6755
4457
12106
16620
19837
243
8721
12952
17519
18287
19078
16957
17485
4117
9704
3453
14167
14246
19396
15781
14443
12402
10090
1135
16822
7895
15683
5975
15038
8032
3564
12849
19516
6077
13502
18563
15437
5288
14731
3194
19748
2884
19509
6282
16075
10735
12754
9647
18603
5290
11319
9842
6423
1151
8825
10805
15432
7143
11931
18969
16103
145
2778
1213
1066
16519
11339
6091
4532
3203
13747
10356
7075
18714
7003
9176
18559
5351
17662
9064
2627
14527
3818
11566
6706
10813
5000
13665
4199
3139
14964
19523
17253
6393
7233
8432
3981
3827
14659
6895
17611
11813
10380
15972
15251
11699
17703
11066
12516
9678
19827
16641
1834
6283
19852
5677
8319
1507
19911
1055
8115
1025
605
15023
17555
33
14347
17623
6000
15879
9749
5034
1648
13869
9157
16503
9363
5989
11052
2471
10492
9701
6735
7239
6208
9288
11079
170
138
5243
72
14003
13779
17088
19389
18315
6875
5851
2795
2846
1979
17439
984
15633
14663
13747
8067
12861
10301
1705
6977
17767
6875
3706
8424
2876
18838
17143
7925
16335
13052
5648
2401
11126
15180
8497
8578
19150
7054
15014
15195
4150
58
14618
16420
9253
12478
16903
1465
3739
4868
13515
7928
12281
11978
824
857
2943
18277
9299
14040
17867
465
4198
1429
285
14659
10503
1502
6420
7879
14734
12166
7924
7227
18366
13969
16151
18434
15329
13735
7370
747
539
5500
13723
68
182
1867
6408
9142
13329
16471
8897
13959
4739
16698
4607
11844
4434
19650
19992
4477
15692
5850
14879
16366
3371
6867
16579
8616
15790
2277
15132
17977
8865
1026
8039
18693
17769
3303
12430
8248
12781
11328
741
2301
18627
9687
1359
16605
16034
9340
16757
5707
13977
13387
19869
10517
5914
18073
11281
3033
7785
19308
1981
8567
4968
635
13965
8977
8413
4362
1794
12778
7521
11084
19788
12104
11167
9555
13989
8284
2195
6798
7097
18137
16372
9722
5717
17174
11428
19991
5696
11126
9774
10661
18822
10368
70
8810
6066
14050
716
394
17362
6462
2244
13352
4601
7221
12353
18464
16796
3950
6626
4005
10990
15856
16925
16183
18786
5700
16278
14654
8631
13050
7643
16274
18826
8353
7773
19896
15721
18865
10812
4888
12752
7852
18745
12465
1199
1392
1741
11672
18034
7999
17935
12380
12386
172
4292
8012
14973
4149
14994
11996
18649
2501
12922
14278
19601
6429
16611
12813
11469
3563
10444
13269
6263
12541
7458
13477
7914
428
17084
4791
15873
1142
15320
6552
6617
5040
13976
5069
17306
5231
15705
19806
4492
16134
4031
3265
9816
2188
18289
7383
11407
15126
3447
17974
11189
3739
6207
13823
14218
5583
18454
9521
3743
5971
9123
3070
14664
11809
9464
11326
12205
19862
8974
13627
10330
18509
9769
3179
18929
14258
2116
2202
13148
8088
10550
9214
4881
2495
12151
18146
19250
1673
5794
11651
4845
7884
18282
2191
9105
16331
16216
8455
17459
12658
17820
1271
7486
2862
14918
10500
9658
14018
16453
4272
12307
14659
17989
11363
1443
19855
18949
3865
2441
11778
11988
5559
1348
19240
10494
18625
8339
9204
15095
18918
7315
16092
16913
6982
15880
18731
329
14867
11351
6700
9873
11274
6507
7628
8010
4856
19904
6743
16878
13680
3503
4818
11345
6843
2632
4754
11017
2110
10863
8770
6960
1641
18902
1155
17684
3116
7530
15055
12506
13969
15495
11316
682
6890
17693
35
6181
2859
9953
6246
5363
4889
6822
1621
7353
18955
12136
15784
6816
8054
11472
18833
2628
15164
3160
5108
19292
11752
19670
13682
5047
10190
4696
2157
5005
5401
3337
6144
5386
9232
10359
9538
19642
3336
18652
17858
9575
9482
10486
6548
19374
6170
15543
17530
1658
9467
17206
18428
14581
5368
9603
9858
14103
13448
12668
8069
9062
18648
10107
14385
6310
18633
7512
5022
19354
2681
9432
16733
9140
16653
19997
6760
12307
16685
5508
4065
12040
3358
3778
13918
2375
19350
8093
13508
7377
13866
16380
10170
5855
3085
14408
6140
18662
2019
19636
11492
2051
6865
16059
1932
12616
3603
16119
2172
9548
353
16280
5805
325
18134
11702
5754
12528
8771
1482
10205
19826
7222
18795
16925
14582
10157
14418
1170
2486
14634
8221
16393
1756
2367
2316
18927
4690
13933
12910
5640
10949
299
13597
12769
17765
18773
9905
3636
3370
14572
17342
8643
16130
4007
18521
7270
16318
699
14001
5558
6913
10853
6962
673
16609
2092
5210
9806
5065
2550
12118
16164
16877
1115
16219
5777
12900
13639
17057
1060
14526
16141
2535
16714
9740
17416
6395
4894
7027
2447
12494
17513
2205
6670
9581
19768
16352
5342
6450
3581
15459
366
262
12586
1213
7718
9474
12229
14066
13972
18843
4489
18834
1295
13119
14221
10753
4624
18616
7149
11275
19582
8663
10361
3560
17941
19638
14653
1406
5373
18974
13509
4675
3432
12934
19343
9398
13317
12152
17289
12453
17362
12691
18895
11723
6434
17678
18233
1679
7381
19029
6484
13272
10066
18238
7223
10862
7950
7032
2886
8169
15823
1879
4103
7156
12046
2658
9762
8644
3914
3243
2927
17471
9844
6896
12895
19243
3796
4336
6118
7576
501
14220
11607
12937
8136
8253
3815
7562
19642
7706
12414
6601
19591
9561
7844
5105
14636
8068
15390
15256
17985
14817
10244
6337
3279
16924
10021
12555
363
13878
12515
11272
1868
9824
17891
14887
18464
14486
18757
11098
6641
5737
18644
12777
2383
2362
948
3724
15384
308
3177
19171
3244
1562
17307
8052
12270
18907
8756
9609
10115
9065
11098
10642
87
8363
12765
1165
16474
15795
19250
8717
517
4686
6320
14257
16613
2411
2688
1113
17763
17009
3190
13106
17419
14806
7160
7579
836
6600
14373
11239
6282
14627
10966
3317
5094
7413
10237
10734
47
2026
15498
4054
18213
8207
13905
16063
5186
3116
18882
14351
5729
3026
6437
8429
1999
16086
1420
5282
14819
233
19376
17449
16439
1496
860
8223
3203
15796
19780
17595
3801
19606
7743
1094
19029
3107
11036
7276
17261
8910
19840
14352
9201
13052
13979
17329
8113
16995
703
6670
15106
1147
13812
5662
18233
9652
13931
16089
5214
16943
13468
17801
16534
10505
16569
7357
5884
8004
12849
6548
14589
11447
19092
9760
11668
9308
7526
13389
16947
13378
11168
17848
7246
17781
15092
6513
8126
12512
17221
11773
1331
18854
1932
4480
18097
360
19750
6449
5680
12928
3643
3957
17910
10229
19110
14095
7175
8190
8977
11976
9700
17179
1410
12679
1053
667
842
17567
6663
17601
14589
18649
6278
4571
4733
14998
3605
9963
3297
11351
412
9886
10019
12198
12498
13726
7288
10513
3861
1539
13582
6242
11859
4963
12669
68
2883
6835
11493
1015
6723
8005
5902
19478
9109
2153
12354
7519
13896
11041
2168
11997
8067
16470
7315
15804
4124
18179
10043
13778
745
16732
9738
13763
6199
11266
10358
16501
5835
7230
19006
14388
6958
39
17498
14762
7308
275
8142
14679
3227
2701
4271
18530
945
11709
15927
17343
8824
14812
9570
19657
7318
5942
4830
4701
11398
6247
18042
861
18420
16307
6025
209
10288
3073
15597
6627
17286
2877
1000
5936
13871
15017
6678
14642
4825
420
2964
4655
15564
1337
6698
19772
5781
13409
6984
9356
10546
14121
3068
3819
10343
9383
19649
3408
6018
4414
9036
6462
3619
18718
11634
19075
13046
9091
16028
18697
19886
2514
7110
4801
13300
11160
5538
4450
8504
13380
18179
18995
17373
12536
17128
11800
428
1292
7393
291
14077
7782
18384
9561
3847
12146
4882
903
11451
10008
11095
17230
18189
11220
17181
13386
19174
10627
5242
7315
12562
8132
11723
5616
8960
18426
4142
12315
9449
14105
3926
16331
354
18054
13523
15517
17059
4191
10692
4706
15541
4515
18123
8778
3209
9980
12028
6964
10177
4637
10527
16410
11297
11702
5679
12668
6221
6666
18274
8942
14041
9894
15440
5890
9118
16143
2209
12329
10336
5524
12515
5969
10773
17524
6805
5019
17533
12092
1171
18610
7991
16788
7346
13890
14569
7853
13315
14782
6959
19896
7716
18072
894
19100
1977
12375
6093
5979
8722
10795
17337
16433
5784
16232
12649
10753
19349
4922
6455
506
8705
18972
7241
16774
18367
13850
2337
8585
12174
238
4970
8369
12769
17539
12104
8784
546
16534
4849
9038
3046
16116
16767
10922
720
3110
15029
13139
1258
8003
18607
13237
13690
13939
5895
4588
19941
15368
7990
9908
2377
16244
4326
10822
662
15734
969
9053
18372
9967
14856
8074
16295
19715
9558
18787
15748
13691
6818
13632
10100
1987
12435
9018
15515
3571
750
14592
1557
12012
3698
19841
13788
15647
5821
9970
8256
14314
500
18002
2069
19318
1820
13010
14331
4452
3825
19548
3480
5031
8856
7635
16810
6997
13878
11955
17400
16115
17354
15960
6573
12033
10989
1692
15971
4644
19336
408
18806
8461
2239
17773
11937
15220
10579
2669
1493
11305
13184
13690
3425
15827
17270
7221
19503
12271
13104
10726
19644
10952
154
10700
8426
6304
9129
8660
5697
17411
17486
638
15833
2037
17736
11446
16729
10659
15304
8065
6455
81
16185
13034
17547
16773
18639
7221
19436
6463
15596
15107
6347
2546
1382
11533
16454
3844
13971
18107
5793
9832
15935
12314
3508
15220
13557
15987
4079
3838
7670
1513
11733
8138
5532
179
5242
6209
16965
7884
7027
2381
5667
6764
8346
19782
11265
11213
8356
12146
7280
5786
6666
8409
4589
12444
16499
12437
3260
12944
7141
3217
15699
7601
2822
19769
7007
15628
14582
2726
2209
12000
8436
10885
1538
18308
4653
17786
17466
18170
17460
13624
10392
2218
4372
18042
14831
13270
9000
11292
19871
16264
2796
19497
17700
6894
607
12753
3556
17224
4214
9894
16742
15852
16342
3433
9095
12613
1981
9659
3602
3906
12872
16345
12957
7400
10597
16078
19276
14879
3507
16869
378
9312
14161
15898
19200
1538
19909
8632
3195
7330
843
322
7059
19250
17407
5530
14240
2415
18478
8490
18924
14827
1497
7243
14738
3376
18335
1698
4721
6181
2771
7953
15218
17904
1144
4687
10021
13764
2191
1545
4655
8265
16016
9319
6294
10915
16463
4906
13308
7483
9275
12725
7138
11431
6094
8773
16242
19848
5651
7960
14920
1118
134
13361
4981
16271
8403
17416
9410
17273
14282
9954
6727
18468
587
1643
11065
19210
9581
11111
9251
1931
16224
11873
13432
2353
3892
4075
3809
17543
14468
7469
3417
19681
9948
2019
811
13786
16977
2300
13373
14152
9714
356
14665
13934
4954
46
14204
14328
11442
15102
18395
11448
1901
19577
14763
17792
3495
13466
13145
14916
7691
7427
19403
14701
6967
1580
2050
19364
7035
2416
851
5498
4122
170
17695
10145
17142
14284
8140
10843
12459
6893
5649
14655
3529
9905
13032
7292
1519
15140
14728
10575
13681
8653
16512
19422
3353
4045
3472
8908
4805
9631
2793
10304
15693
14312
16871
18168
19216
11493
16572
18803
19464
10482
10060
7466
10778
12499
9440
6204
14889
9975
1292
8111
10482
12207
19817
1587
353
14110
11946
12130
2537
19895
12168
9881
16840
13899
16376
9490
6692
6491
12754
2755
13570
1461
5538
3809
534
11642
16025
14162
3824
606
2974
16976
3724
12308
8501
14046
15462
16287
10365
14385
693
17256
4213
1158
7848
11678
15606
16
10984
2329
16552
5863
2886
2065
18449
1096
1890
1035
3581
13484
6996
499
6245
4518
14292
17375
17685
9908
9638
4659
12658
3275
14657
2013
1024
11331
10340
7733
6844
19018
4034
19091
19188
16619
1349
10842
4599
7938
7756
14121
18413
8622
18422
3394
14157
7693
9330
9289
12309
6891
2184
8573
12289
10963
15651
9749
14870
3387
6696
6070
7330
6442
6939
705
9999
5193
10038
818
16788
14510
9457
5128
9266
17797
834
16324
14445
152
6506
4969
14947
8997
9985
636
11216
9835
18687
15289
13745
4798
12169
8671
11180
2227
8855
8553
12251
1139
11904
15006
14167
10808
7649
11290
17220
1151
2330
3965
13626
2511
11423
12177
14964
2128
5205
12317
6322
17412
6715
3328
7033
16756
3363
12578
13164
18646
12432
1885
7272
11507
16166
8575
17552
14254
14391
3251
4592
319
18683
11459
14859
3520
5583
8483
12089
17776
16054
2076
3848
660
3525
7662
19397
15684
5392
6441
6468
3376
16186
11710
19737
2690
1135
7505
5435
15420
3977
19394
1969
15543
14960
16755
5335
2433
14154
12261
17712
6582
18301
11521
17149
3439
5850
4579
11599
15087
3727
14344
17821
3399
2384
14691
1728
16574
18228
10421
4149
16545
7963
257
9375
10832
442
6985
1970
1169
3621
5927
7051
11622
7667
11086
13379
13602
11984
3684
8779
18711
15539
18385
10854
6806
4866
4113
11517
3092
6125
714
866
2354
9050
19659
7343
4819
8658
5721
9722
8969
1344
4712
19208
3724
2910
16029
2507
2439
2707
7313
11372
13970
6789
1097
10532
11281
19896
17977
10976
3932
15330
17443
15435
5380
4141
16068
13457
12062
958
19602
17178
7726
14195
1151
15726
9419
14274
8050
6678
14684
17215
17118
9472
7780
6338
3862
786
3475
13254
4121
10678
11393
3578
9697
14422
5559
10299
13020
11367
10530
7865
18872
15143
1885
9181
14476
17696
6055
17489
17049
8710
15611
10511
3776
9659
17704
17471
18337
16336
8658
18192
15444
14711
16628
1232
18308
11359
5799
7306
13758
9401
4028
11480
3178
12857
6772
4257
19673
7164
11902
18862
7272
2118
4672
8494
953
18154
3432
8289
483
4609
16113
12213
13399
7767
18952
2750
11141
3854
11127
7867
13254
17843
3238
19949
1798
18815
9188
3513
16712
12599
9723
19657
4716
19999
15977
163
7637
16773
13931
19680
3805
9792
7645
2426
16792
13752
19604
275
885
9494
15712
7801
16527
18465
418
15629
16091
7430
18805
19999
12567
6391
7224
6968
3360
15628
14598
13028
8834
6007
16623
5723
13225
5991
16418
15981
9325
3822
12403
18692
16105
5990
18529
12181
8092
2180
6713
13914
12318
6547
16212
14044
1692
5790
12010
5758
759
2578
14617
1973
15985
12853
16935
462
10985
9987
17569
1944
15152
7178
7394
14460
4168
314
16690
5199
18621
5877
11440
8365
3395
7201
7567
13662
4335
8158
17112
9389
10641
16868
4025
13387
10553
5605
17843
14669
8202
8980
16839
16501
15535
16127
9135
1575
18434
10656
3072
136
14980
10502
18359
3361
2031
1086
18352
15033
4772
6720
18705
3516
2780
17912
3774
15043
4733
1531
14819
16114
1385
19776
12600
3938
1827
4921
6299
10497
8378
14347
19163
9235
4827
19133
7743
14186
15233
9798
6484
5394
4678
6127
1578
11009
17402
17280
10339
3798
1
4388
10436
11096
19480
9220
18190
255
1912
11206
1426
19962
19083
3757
1453
18804
2111
8187
13867
9711
12185
1599
16769
15046
4833
19359
18363
9306
4020
257
1544
3751
11898
17992
12697
15674
10466
1133
14670
181
12525
18975
4146
3994
12689
5051
4681
5414
2676
17234
16452
9437
17761
563
3999
2135
17464
7585
2673
9967
14609
2602
14282
6558
2203
13144
3228
7970
17985
1198
10050
5012
15719
19469
10232
19560
6470
4467
9970
16383
2050
15352
7234
14920
1654
16030
8401
19075
18809
16325
12960
1340
5654
4143
19822
529
10951
11568
16870
18064
3401
9675
18297
15242
2649
13577
5236
10152
8206
14242
428
4881
6525
9130
6926
14976
1901
19962
14070
13521
9321
18864
8734
6751
10139
7046
13644
17206
12385
5338
1083
6645
8408
6370
4791
11465
13001
2759
13971
4631
8803
16288
18220
6683
14616
17789
1882
13660
17591
16876
15225
9142
617
5549
14628
5608
13197
15142
7167
8596
7455
11394
5109
14717
1533
6996
8462
1524
19254
8415
9095
846
15189
10425
17897
3419
3251
17242
9250
4405
17719
3485
7566
15955
5514
8240
16125
1118
12871
15834
3199
3846
18626
16416
11823
19992
18309
10203
5036
9756
5141
15178
10601
9365
9243
13772
1272
444
8024
11885
9473
6162
19650
11109
797
3038
11577
14043
17055
3914
12737
15467
14527
7008
12492
17460
18861
14579
19330
10397
10032
5833
8481
1505
4385
16344
18864
11487
19639
9589
6422
717
11830
6070
16817
9046
6618
13923
10185
16389
18953
12725
7171
16390
13599
8194
13628
3012
4687
4129
847
12324
14129
7047
14309
18761
6689
5758
8041
1234
18569
10267
7481
16748
3267
5768
16931
1417
2181
949
13688
19705
11146
9605
1910
18619
17345
19539
4097
19268
18485
18954
10824
10539
16260
19899
6255
3931
8482
17331
2904
10420
8890
6707
11538
16863
17736
12570
1570
17851
16838
2446
6038
17233
7139
1068
13253
3065
2431
13637
13613
13269
11261
3079
6839
5207
1905
18305
17031
15948
11019
18245
15131
9930
8012
7826
7377
16441
1235
15210
2534
1657
3453
17099
7138
18305
5304
4052
15717
10385
7452
15534
4658
1633
14125
13485
16910
13308
910
17684
1392
9935
14513
8996
16451
9495
493
7317
2717
901
18927
4868
15612
6036
8413
15712
5103
2124
19139
17232
12303
14824
15949
6592
8041
17175
14280
16693
17590
6882
17512
8366
16262
19053
15505
11625
17561
2871
4123
13458
18730
6372
9459
15579
3892
12040
9728
11899
15663
2209
5282
15963
6115
16750
6815
2637
10819
17964
10794
1137
7945
9435
1658
840
15077
6738
2571
11636
19395
5597
13081
2461
14015
18895
1572
6978
3157
18546
10919
6907
13207
1163
10748
3019
18552
4861
3380
1603
6190
13979
17052
18297
5142
15236
14708
16159
16966
1366
5858
4394
5884
913
13382
6506
10367
13283
14294
2468
11872
8375
16274
12824
18225
11036
18524
12005
9900
5238
18523
12603
18478
9414
2124
18400
11208
837
15611
17329
19445
13402
1779
5034
9728
6246
13073
496
5153
9933
16826
10085
8513
4781
5863
18631
3842
6675
13774
10254
11685
13465
8253
19664
10559
13799
18864
9057
19299
16402
3979
15009
12597
3242
1854
6238
10192
14789
4051
6119
8662
7603
9473
15607
14684
9152
4949
14257
4949
2264
5970
6653
14872
6525
1791
5767
12643
16082
15251
12113
832
7728
14178
10641
18009
17451
2023
3752
13831
896
12649
2818
4622
5664
3197
18268
954
218
18734
6244
18892
10933
11954
13004
7797
19262
15192
1801
3003
11091
18408
17406
10116
2420
19897
14420
2744
13625
4965
15329
11543
10924
18823
6596
8703
13117
2650
12776
1218
17526
14983
2490
2807
8893
16693
5737
14079
1574
5383
6939
12976
2769
15053
4527
15995
14139
7329
11726
2628
5531
3863
3043
506
7566
3630
1028
13613
11841
5376
426
16703
9062
5719
16116
14303
4346
12325
15951
17276
19412
110
15833
16945
691
19639
14488
8088
5819
4975
4276
5019
5783
3575
13240
9525
8866
15050
14084
15869
19374
18420
7167
19473
2624
238
7865
16067
19722
5126
5655
19698
10462
6013
7262
9976
1028
6536
16086
9045
17913
2828
344
17310
6816
101
7956
1896
16775
6975
16383
3321
15308
6225
259
7923
13237
17148
15934
17746
1031
2363
15482
19098
18251
18537
18989
930
10073
15465
16477
4310
3423
2661
18005
2563
5480
15895
16465
10664
9787
2745
12830
552
8804
19617
3350
17090
2237
8122
7655
2393
9254
12293
18951
5673
13299
9844
6347
15069
5452
14945
15545
14177
5896
2324
19056
10864
5246
1518
7582
15094
6456
2247
16904
12923
18503
13030
12304
15521
415
15364
2047
14875
11407
13328
11665
3220
10362
14330
2613
10943
13644
10884
3870
4708
10517
1934
5497
18167
8341
8254
3443
5356
11382
3147
17050
18358
19101
2784
10924
9271
2457
7185
14381
19997
11905
1842
13258
11681
1677
8197
4796
8001
892
11450
5411
19080
17862
11026
19987
14731
7679
3401
10506
1578
6893
14277
16969
18185
15455
2233
402
17909
17
5787
17923
1997
15903
2263
12418
9139
13176
9647
14787
18529
12556
6211
1156
6523
13888
11649
14662
7954
7066
9017
7803
7366
789
13493
12862
6092
6223
2589
2525
3400
5050
10073
19127
6475
17020
18706
5542
4201
6435
13868
7314
2704
15004
12898
5746
12990
3081
9343
3388
902
613
9071
17772
14549
6533
11616
12037
3171
15948
4249
15333
5045
6109
296
10307
12106
14822
14744
10643
18414
792
300
10497
13443
9615
13584
7623
15153
9347
1024
14644
4571
9090
746
14416
12662
12245
6132
13243
14202
3325
17318
18301
13772
7144
4992
2497
697
3896
3301
1517
7795
3231
11961
356
2788
18616
18905
10057
11128
6042
10889
2267
13435
7891
14511
2237
5337
7112
8408
10006
8863
10391
6267
16198
17439
18590
18783
7027
17323
301
12438
15752
4963
19507
1032
1486
4224
11222
15027
7310
16983
3237
2812
3128
5157
11081
11754
14259
14476
12245
15401
16618
2268
12164
9751
1016
1956
4147
14525
2979
19051
15271
15912
753
9163
17606
13362
10220
2575
17596
10276
17226
14625
4452
12802
19524
8521
988
15485
16179
14097
5623
6731
11438
16117
7270
7145
4763
8469
15793
17801
10871
18845
9354
8370
17512
13174
3367
7800
13910
16786
13043
7964
7059
10504
326
8771
2735
7100
5635
16498
8267
3683
10997
11751
15281
10122
10639
14425
18558
9794
9190
18750
16546
2978
2412
11809
17704
15804
702
976
10621
13621
2402
10193
14471
11081
15807
6201
17037
6717
9270
2433
12105
19932
7470
8240
4968
8729
18573
14128
2761
5205
566
9598
19608
10925
6501
2497
4045
11638
12625
18602
6143
10659
18560
1778
18716
5694
6069
7057
9371
5722
17082
6253
14048
18002
7212
435
9625
18775
19832
8368
10602
19216
14648
19448
10341
7681
9207
7996
11761
7281
438
7262
6480
464
11454
9248
17763
15692
2188
7429
3485
13056
5431
9023
5265
15052
2423
14487
18338
18079
11922
10046
16330
117
3854
15203
13316
11390
9096
4109
8883
7944
7015
4965
13360
1829
11985
9230
5895
718
14027
3073
11202
16511
15010
14736
18334
15393
9215
15810
4020
7143
13055
8852
14944
4736
7832
7242
5470
2985
3756
18598
430
6488
1380
19480
15005
9955
4909
12794
8163
16035
10031
2647
5806
18436
9778
14087
2906
11161
9118
323
8252
918
1532
14812
12433
7280
2260
11089
18755
1019
4833
7462
13743
316
5535
6077
9617
8928
9324
9325
2108
15095
7657
12995
6422
9116
16910
4911
10254
2907
2430
15785
5349
5616
2145
13095
2165
13850
6241
16198
15492
19736
16158
13728
14546
3858
14434
7257
9108
2366
11344
3226
18484
7937
16946
15572
10905
14244
445
18180
7667
7763
6422
3957
13948
18807
12702
1458
6901
19600
10466
17382
2073
17060
7312
9897
4936
12504
6799
16117
7805
1463
13842
9137
3306
17822
4177
10189
3700
17312
17235
16922
1621
18625
1231
15194
15066
2378
7353
13233
10339
11647
6668
7000
13055
5345
18256
4645
5284
18364
8579
2182
588
11580
15047
9667
19541
12056
634
11064
16925
2248
6954
889
15841
10679
19033
15953
5131
3369
4991
8503
10048
8137
12760
4273
2609
5187
501
2936
18210
12231
6034
12813
11241
13204
7452
4398
2457
2178
5338
2985
312
13163
1096
1672
171
3052
17768
8133
19457
2373
2360
7675
10950
2561
13212
16398
2351
7870
1230
7436
15206
12297
705
13302
2602
6730
14198
5227
16499
4336
772
8961
1340
2492
2688
8021
11530
9286
6131
14841
17006
16169
3381
1220
1686
8997
10471
17893
11188
5354
4080
11236
13518
10786
15426
2273
3454
12833
16612
15061
16576
9435
19536
12457
11982
19769
15126
7984
17923
8820
5886
1288
3276
5947
17278
15224
12501
19716
9654
13085
6908
8000
8369
17894
7012
9268
11265
2317
4581
907
13896
15113
3619
16793
11975
19794
8123
6689
9774
17414
4604
7107
1056
12254
11483
11966
169
13174
8196
11795
1849
14792
16176
14273
3385
5264
5295
4046
19088
14826
16279
11408
6394
12973
18283
4979
5914
12697
14224
13460
14356
18137
5957
10551
16301
7390
9192
12494
15320
6177
2328
4557
14254
3122
10558
15423
8348
10092
753
9528
6578
15596
459
18372
365
18946
12459
8094
5636
4656
16023
17181
426
3559
2277
5066
14959
13440
17778
2347
10949
10107
16861
495
13598
19839
10891
7590
7148
2692
8667
3238
11183
14657
1310
5777
8947
19103
8168
17048
18103
16894
13295
6722
15021
9251
16882
11530
485
14526
8620
12995
16966
18520
17618
11274
12276
15023
7574
6581
17906
2381
13728
18731
2369
3503
12407
3135
6012
5754
9181
10029
10875
14151
7751
7308
6576
409
4741
9740
2530
17819
8226
10707
19054
14976
3731
7002
7536
19537
14532
6622
9417
6710
5197
1124
6806
1228
4531
19632
10284
15328
12521
1862
9517
12936
12133
9515
6594
2357
9546
9405
14312
249
8682
7291
2974
19530
7466
13181
5298
254
16934
12398
8047
18418
9002
17436
6763
16059
16672
17484
7150
8171
3850
10293
8900
1618
350
12719
15172
11469
6983
2446
16387
6513
96
10163
6017
8935
15760
13950
13854
1051
12306
13828
10970
7238
2100
104
16241
804
3682
7901
1916
15237
1048
5849
1439
18918
15418
17177
10800
10455
551
11168
17510
14882
4207
6461
8890
7961
16594
7307
15781
9785
3305
18610
7284
8022
3956
7161
511
79
10415
10612
2404
17136
17294
11796
8784
11765
1320
4813
4822
16544
16221
14254
462
9491
1215
18182
3250
416
18118
6696
19717
11615
18228
3016
5078
19408
16131
19652
5515
4017
11580
7474
5532
17195
12326
15776
9650
18360
847
10026
4769
3801
13777
8955
14034
7813
3729
8891
9323
16947
15880
4367
16444
14898
7179
7105
18863
6886
8790
13886
16666
3485
492
601
15770
10590
8462
4382
1265
5439
11076
6500
19834
9932
9196
7541
4459
19736
5792
19563
8658
12718
15090
1160
15028
19905
5592
3361
7942
9502
5860
7015
5338
10872
18144
17196
11196
18899
8489
10429
10963
8826
17615
5960
6498
13980
12583
5312
2756
16755
16030
469
13041
12901
6802
18530
1077
727
16303
10057
13619
19669
8514
14925
8140
11340
117
5728
16159
1495
18464
19499
8118
4422
2412
3815
12897
18276
1148
4706
8746
4916
18903
1499
18215
9164
15249
9159
10018
8225
892
14118
7509
5701
14014
3680
1260
5421
19004
13493
4774
2081
18601
16816
16840
11213
3480
3476
9304
3896
5839
3821
8054
13229
12203
14189
72
899
11138
9155
12825
11995
5453
4093
16228
285
10066
19229
19225
13260
15478
6585
15899
19798
19807
8380
2825
13230
14394
12226
5636
9445
10803
2089
4544
18648
11056
8460
9489
1169
3118
11361
18057
5557
12387
6797
14149
3375
11754
11566
18334
474
15613
6215
15958
10823
14101
16273
2067
11249
840
1558
9624
7799
6453
10293
2506
18371
6337
7208
17920
2722
18824
9309
11567
9728
11904
17550
18264
11631
4877
13242
10957
9002
2434
4634
18597
7598
2535
12571
16654
10124
9474
8814
4047
6806
822
8963
17637
6222
3467
13386
4598
13561
447
2724
15958
13279
19998
18679
18032
7932
8484
12456
11062
17980
11228
17842
9606
4242
11861
8885
15611
3623
13185
18573
7094
15503
17253
15475
8272
14401
2142
19143
14021
1812
17047
18038
5213
4445
4302
4064
427
10852
14298
10135
14287
11617
2055
6825
1683
1139
2307
6528
14643
3976
194
7019
12573
3022
4315
18636
281
660
11753
12065
2051
6654
5437
1795
4221
16879
16955
18463
3483
10426
15097
16158
16452
4567
4276
15730
5794
11175
15530
17227
15545
17085
16015
4995
9170
13752
10154
8764
6365
3181
14263
2173
14339
6974
2699
10512
13039
16965
1484
17368
18666
2960
6177
7492
1518
5134
9298
7134
12777
15043
19289
16812
3338
2011
19794
15091
14073
10423
11269
5307
11238
6746
5544
13628
2986
7061
2976
16314
9420
6213
13092
1924
2733
16171
16267
252
342
14564
6877
9783
3761
14428
6965
10382
16090
19062
16887
1637
1660
11021
5937
4981
18409
1741
3989
377
9499
16043
6100
8127
12385
8674
9983
18535
786
11066
7706
3196
9047
6677
9073
4186
14084
1975
13496
1582
6906
11825
7600
16528
5083
19677
9980
5618
11555
4969
5788
14187
15523
11757
13058
10459
7251
16867
13785
1469
10336
3223
17474
1355
3760
11330
4208
2172
1669
7959
1660
19351
12830
806
14886
14988
8054
15526
16313
15009
11761
8827
18816
3690
14553
15965
1217
3290
11469
7297
12613
4548
12319
19517
11316
8343
7081
17249
12358
3517
16873
8644
8124
13161
10068
10097
7210
13093
16707
10158
3995
544
7055
5641
15264
622
11764
1245
6487
19986
17592
3908
11501
15097
11525
15557
7952
1444
3957
14654
11773
15557
13088
6079
10016
14052
2570
3469
12652
12556
2511
17534
5151
1985
16269
15930
6084
2814
6326
15750
13645
1394
11272
3148
8740
10828
9306
18066
11260
13657
8961
15530
14533
3996
6372
14926
475
12083
18032
19115
13381
5360
17823
15954
3911
8982
8726
6260
4682
1597
11905
1082
15780
11741
9198
11235
10138
6175
9861
15488
17595
17725
78
8625
6225
18795
10825
2345
19858
13999
9259
9210
13096
8216
17602
1814
3501
4328
4469
5031
1806
1968
14029
4856
13444
19500
4125
6360
17370
11553
1240
1846
15992
18914
460
5771
4240
12017
2468
14264
2163
5930
12717
13631
12137
4054
17360
9171
10715
15055
13355
15960
12780
2391
1340
13234
13580
3866
19004
1457
19776
3489
5504
18652
3075
10273
5857
876
5569
19201
10509
13564
4685
6163
5859
15527
17249
7114
13402
7956
1840
6949
9522
722
16324
15421
1145
7258
13958
19782
2935
8416
16649
7802
17280
2382
17967
10997
6181
14031
10062
7664
377
5103
10640
18106
18733
491
7889
19998
17191
18912
1585
1437
16716
8714
10609
16791
11309
6504
16582
19192
19228
1129
8291
3533
15829
2011
19358
12147
13027
1531
15788
437
4921
12215
5
15342
11228
1943
8355
7272
14812
3627
3590
10647
17235
1961
14058
1697
3635
2647
12197
15845
12033
11897
16177
16800
15731
10777
14814
9304
9330
1300
19195
13290
11139
2563
13260
8120
18990
11491
17491
8589
17556
13153
10462
15351
3445
8933
16027
19720
5675
6842
2873
11530
1264
15025
12210
4347
18980
3237
15442
3776
14575
4421
3426
2033
12060
3992
360
14719
6705
2372
9047
4393
19965
18244
16074
18044
12645
19394
8336
12418
10557
4689
7844
11682
1348
8472
3031
5521
5488
6873
18732
12012
6827
11077
11781
3245
7285
17204
7095
17047
17477
18870
4758
12720
7515
2417
9390
9479
9217
10206
12792
19689
5111
12756
3930
1902
13278
19371
12211
9503
363
16654
15884
8565
14305
8703
15978
16222
13712
4751
6410
3509
5390
3250
10510
16583
19118
1029
6969
3761
3209
16815
4227
1782
16830
8273
4067
774
5412
54
7790
560
487
19556
4828
18539
673
9065
5973
13497
18819
740
7252
8268
10716
15430
1300
10791
13914
8686
5236
14291
10417
6947
6644
8470
16404
5571
197
9031
16076
17187
5056
15243
12164
1241
17062
4419
10426
802
16043
7138
13637
7653
9415
1659
2671
5841
13800
10670
2695
14861
16299
2855
16268
14939
12759
15243
13668
12687
3312
8397
9730
12939
5830
12279
12804
17967
18996
11109
6050
6285
1662
15497
9600
9275
12153
18345
11886
4453
18317
11689
15191
18309
8170
3655
8513
3109
74
19399
4714
18061
1510
8748
10686
4644
15880
2014
11878
9031
18935
19233
8855
4320
8475
9129
8891
7632
19997
2099
8260
18744
19001
4487
10152
16608
16796
6783
2657
15383
234
18774
7750
755
6570
6749
1207
13371
18220
12545
8247
7620
6056
13357
3812
7730
4834
6041
11115
11350
14015
17510
18504
10559
2742
17110
1594
13974
14040
9074
4080
18424
3950
439
5327
18543
15509
211
4155
19438
13265
8075
3921
17291
9012
14289
915
5608
9682
3753
3559
9081
1653
8007
13432
5193
11696
19207
4265
12603
749
2847
15800
16566
10325
16789
7983
6562
809
15693
19655
966
17288
11876
11185
18638
18305
244
17480
16522
9888
17041
15725
8913
8446
17829
780
11304
15100
6912
18068
8635
8517
16948
10340
12594
1430
352
6061
2637
10985
16602
12184
13965
17384
3004
16443
12843
4630
15857
18366
1267
11871
10818
12454
1813
12653
7660
19839
4980
4097
14399
1829
17739
2873
5249
7027
7342
1374
13690
19009
15592
17191
15772
15539
19723
10294
4747
18385
13659
12985
6277
5800
9234
5195
13768
11866
7694
390
8468
14983
10291
11722
17672
16279
7169
7693
19579
10100
914
3980
16512
4251
17665
18854
1969
496
14969
14011
2938
14925
2854
1973
11075
14056
9942
9775
17430
11123
10189
6869
6100
17482
15812
4720
19685
6698
7544
9446
8356
3509
1667
15036
4970
820
4580
16680
9428
5814
11645
2912
5030
1630
16087
1392
7769
11801
8563
15857
19235
16847
2116
12599
6856
9104
3005
14574
16578
2461
5470
14375
9936
2594
12579
1128
1652
8584
2710
10046
7510
1540
16891
3640
4401
4997
4038
2584
14222
7825
15031
18385
13699
5238
9362
13969
9258
7646
7855
9272
2854
14383
19459
8001
4284
15083
16698
19116
3749
19926
1898
624
11623
6048
16509
5878
19803
16266
517
9633
14134
7752
5589
8123
5491
19011
5868
8877
13477
19409
2197
19780
6920
19645
13921
3716
19723
4814
13604
9442
14720
10077
13492
8127
8151
13481
15533
8734
16211
19599
11209
10106
7752
2183
1605
12672
12011
10066
15020
8054
14312
12584
17925
9598
12596
378
11007
8623
13095
5260
2141
4303
16665
18343
19975
2540
389
9465
3226
12858
17275
12991
4058
2040
3574
1820
5355
5973
6191
4080
5908
2722
15390
6036
9754
8412
9861
1523
14001
3155
12031
5716
14330
2920
17765
3419
19840
5149
2393
16241
1673
19772
1664
15203
5784
8958
13637
14238
7437
16307
1463
984
12937
19930
17273
6566
7446
19283
973
7396
17084
5551
5134
19785
6678
14057
11535
1322
754
1943
11086
4836
19078
17534
10937
15167
10559
5640
2216
27
12193
2994
19819
4621
12120
18276
19012
8601
7235
4614
15994
16588
15638
2679
16508
13378
7510
8068
6817
12765
16353
15422
17830
5802
9102
12495
14030
9071
13893
11473
10716
2939
13527
18929
19243
10243
16892
19031
13357
18431
12482
4902
17944
1918
1860
19352
19855
7177
17006
16965
13647
19222
8096
4359
1451
5319
3676
13177
1059
11009
3339
17980
4137
6576
4523
15998
16861
4869
14548
5013
5275
2896
7646
2303
2640
2412
6394
12878
9164
6308
10127
11380
9687
14898
9166
10686
7252
11922
12867
7135
833
18606
11631
9962
18707
16537
14959
5202
1803
12596
12433
10807
7885
15242
3922
18535
18604
2901
5274
9501
9714
9362
14116
17060
12471
10307
2736
18077
7531
14215
3576
11622
11195
2783
5384
4050
7729
952
1298
3542
18495
10704
12514
12155
8567
4216
5413
15763
1032
3757
13875
5611
5590
17698
6756
19159
15748
15213
4503
2172
6578
17021
11135
11131
11949
7086
1722
5527
15303
18623
14658
6479
4075
13158
5044
8419
6274
19982
7931
17793
8742
3013
15354
582
14940
15528
12545
19303
17498
17639
1268
695
8338
9114
7252
10015
10405
4198
4568
8377
17102
1494
8538
12421
7474
3489
12329
2144
4282
7582
669
18943
10500
14481
13266
15964
13712
14562
8591
13421
16433
19867
604
16294
14848
18277
774
18663
15858
18822
4527
12275
18353
9756
5122
16220
17199
4736
9828
9310
19917
6696
10045
2844
16043
6760
4021
6908
12932
1721
7821
1981
19167
4019
1062
11388
18178
11201
13727
16757
4688
1669
15840
9675
5182
8504
13892
931
2585
85
10840
709
14311
616
8801
2376
16983
6885
1652
6888
16404
13231
14647
11922
482
13575
10367
14312
10984
4968
10155
1239
4275
12051
15408
19374
17702
2004
19066
4384
12095
8023
16810
14190
17502
15330
15722
6498
9536
2887
1827
6419
2252
8168
2502
4978
9169
7441
507
10370
4319
3039
19345
13480
450
14385
12140
2471
898
9227
16924
6032
9413
14556
2607
3896
16090
6777
4430
7884
11389
12995
4224
14938
14099
18858
10339
10212
14693
6705
14206
6988
1033
4515
548
12866
16605
4344
6666
2752
15865
6916
17880
16199
17724
10467
2078
6529
45
6805
566
18920
12533
15609
18982
12008
7150
14925
18632
16829
10580
1384
6651
18098
6458
13556
13965
7964
14723
2742
5652
781
19381
15124
77
2699
5419
11487
8334
15538
7637
11579
38
4620
18395
6564
7916
6043
12818
19912
3085
12222
337
19080
7411
3269
12748
3582
9684
12769
2952
16313
10876
16233
15479
10638
3680
14180
11799
19437
11505
5370
8912
6104
13210
11097
11625
5498
9819
1805
8887
19139
380
7552
17260
4114
238
12500
19930
9907
3731
12692
16739
11931
739
15445
9926
17997
10923
12591
11180
15511
12007
14892
19720
8570
8352
2345
1828
5949
19741
14625
17218
19568
19323
16933
13741
362
19227
18766
15319
1072
12643
6633
11868
19751
12734
4533
779
1792
5405
11421
4326
17941
5354
14693
17328
15849
7916
11488
11072
11894
5820
3160
15279
11170
18671
13387
9063
11538
17620
5890
5724
12544
14724
14462
676
6023
12631
10979
2669
4461
10179
9851
18333
8980
11773
2495
4150
2886
734
11659
12832
10246
6815
12429
4107
10252
1548
16213
8080
14175
1295
14075
14905
14805
973
13072
16237
6020
14880
11050
1783
10551
19730
6262
11364
752
12478
14658
6480
10012
8140
1830
13042
14248
19900
5859
4842
1394
8796
18614
7349
4546
14157
17046
9188
19081
18818
17579
15393
2370
11270
16861
18907
4032
5963
18670
2979
16782
8018
8806
8957
1498
6503
4465
10889
15385
14755
8776
19210
15969
2680
19910
11366
6610
6681
13531
8210
6482
11857
16222
5928
19277
3667
13312
4087
15701
16531
16434
4624
6148
17076
6212
9629
8536
9543
19323
2329
12848
15472
883
7825
17997
3862
10757
12474
1281
16990
13130
9541
6921
18408
13378
8227
19268
10722
14974
18899
16217
11882
4241
2889
1616
9452
13616
9811
10119
18432
18985
3020
8959
5337
7358
12164
2858
15334
9393
12623
5285
5102
14706
18069
18121
7377
6893
8049
19449
13191
3298
14808
2880
5062
1214
15892
7918
15370
6674
10052
12880
19834
9864
12347
12034
773
1770
13335
641
12514
19837
1091
11378
9608
7462
14896
9775
11527
771
2774
5559
3252
14549
1230
12262
19588
19589
4656
2791
15292
15506
7797
7120
2131
2531
6565
3929
10222
3303
6217
18478
18490
18272
12691
14338
332
2910
8405
17062
6464
12592
13559
12785
1293
695
9515
11114
9617
1035
15786
6664
9198
7243
19415
3852
1272
13144
19157
8016
