3539
13024
11018
11267
15249
955
7790
12406
12834
18432
13155
17210
5940
2801
4321
8349
8602
5619
10306
10744
15764
13653
9692
7282
533
4329
10128
9184
14628
11128
2384
19009
11038
7554
18597
9490
10859
11669
13319
7962
6591
1039
1579
1614
10823
13226
17763
13884
16588
11615
3859
6028
16485
15477
14175
6895
10808
746
1859
1051
17493
10844
18693
19543
11318
7681
15222
8245
9653
19952
8230
5101
10442
1548
10067
15925
6920
4798
4790
14512
2589
3634
19165
9627
3585
19489
11805
17368
13567
2744
19618
4355
17052
6127
13105
13530
11442
10281
18865
11258
19549
10851
7305
9011
9530
8235
15891
3891
7705
13990
1530
18282
5861
13018
13277
9063
14712
5691
6591
2026
18050
10139
17620
2364
7821
14879
7771
19952
19789
352
8357
13499
17819
9734
4251
1652
8004
18802
705
10780
13812
13055
5692
3619
14563
8067
17011
8601
13844
14232
4059
16688
13098
6826
8761
11982
244
11692
13114
1774
5522
15050
19020
13651
4629
2324
10665
8843
13809
17991
19690
2452
2874
3229
14660
3773
9807
10643
12303
7246
9456
19876
19540
18902
14761
14250
5073
10704
17543
10200
8390
2542
16979
2657
18668
19304
5224
11135
13107
3482
9541
17361
18073
19172
19366
4312
14174
2370
380
4018
4387
13016
5488
16977
3098
15824
159
2890
530
12833
3504
14018
726
5855
4228
14362
7561
579
3957
11471
8336
12808
12038
3472
6774
3480
8976
14026
13031
9316
4517
5170
655
5395
17247
7147
16132
422
6571
6998
18282
1751
3422
4931
12000
1029
4834
14608
19836
19422
11204
13845
11571
1007
19706
8815
12843
1894
15105
745
14308
19117
8767
5500
18185
13404
4574
8235
9225
13042
6298
19075
6041
8885
19656
8591
1836
5035
10316
19563
7747
6099
3190
16505
3067
14048
8739
14529
1717
6922
3690
5651
11589
10937
4863
8865
9301
553
12029
16314
15519
6676
8162
12495
10360
9571
15159
3675
12084
19887
680
12620
18498
5877
16473
18248
9212
11467
9530
4142
667
19494
8726
2975
931
3321
7878
7260
14094
590
8817
8878
479
5252
2973
11302
2331
16265
4334
11140
18952
7313
2724
1283
2446
191
10448
9149
6211
12401
16682
7450
13268
11833
12192
15080
2390
14460
13603
3713
3241
14489
13700
16728
19763
10669
8409
11567
13991
4662
1123
5706
10761
9002
4972
11847
8213
15707
15738
17715
16645
15094
8409
9232
11037
5034
19558
6941
9614
6265
7247
18158
6709
18287
9230
6795
14569
6624
5483
7220
17645
14716
19470
4522
14132
6945
7706
10824
6978
923
13431
6469
2085
18652
1887
4962
7940
18794
7584
11320
15420
4062
17021
16828
15333
18758
18005
646
14764
13964
4255
8139
13992
16408
14697
9011
16337
3129
560
2655
1406
3630
38
444
17603
5309
269
3828
614
15978
14280
16599
5790
4892
5388
16351
7649
6514
10667
9155
12194
14522
15865
14202
7467
17090
12931
2077
1736
14208
17994
11051
12252
4310
19660
15785
4065
9201
610
11602
18007
6569
16201
933
14865
2453
7608
18726
8664
19745
96
4784
9228
15043
544
19034
4028
16591
4176
9868
11164
10733
10669
15042
16683
14573
17036
10759
9777
14811
17304
16869
14649
2733
9821
15273
5246
14668
18077
14321
2039
7691
4978
6365
1967
12170
14662
4237
13643
6231
3193
820
7564
6420
1514
4477
14894
15956
7157
18244
16160
972
18084
15744
11438
11026
16863
13744
9478
5243
1009
14423
14827
10352
15485
1769
13378
2103
6478
16898
9793
6461
2915
14103
8212
920
185
3389
5776
17155
5326
16539
15104
19670
7728
9702
17104
8539
13730
3237
16043
17136
4569
2117
18822
19431
6050
8150
3781
19548
19479
12093
8489
11677
13633
14592
19030
3999
14148
14215
19506
8856
5375
19162
6399
7681
10387
6364
10923
8846
6589
5857
5388
16411
5692
11423
19496
13295
4371
1727
19938
19423
11365
2722
13310
5460
1363
482
18221
1748
19471
1934
5049
9487
4773
9221
7963
5627
15796
14388
18901
17707
4882
19521
971
6436
3780
8448
18708
18647
9284
13503
16716
19988
11673
8085
10568
4700
16470
7324
786
7087
14021
16770
14336
10934
9295
1824
19285
5600
13709
14602
2526
13085
18845
7729
18875
3832
4020
12627
10248
14352
7422
10066
13492
2834
8790
157
3418
4753
2827
10693
16731
3841
17487
12005
9865
4955
14990
3339
10606
5318
359
11876
3543
10304
7942
19357
2153
12232
12499
807
11572
10714
16673
16086
12436
14229
9845
19215
11713
16987
575
4296
8926
5852
16995
15477
3670
7365
15181
3303
8315
3991
4571
11699
18987
10318
393
13078
2860
16105
18849
259
2003
7801
16349
7857
5266
2317
16275
2184
16139
3809
19852
11144
16554
14153
4644
8269
14031
3754
3690
16781
19138
337
15830
15421
2846
2065
2559
15351
12968
13604
11897
594
14217
3124
2403
6917
17953
11295
6884
4934
4781
344
7370
1443
19142
8584
11146
7537
5270
7983
15868
15038
4097
18545
3304
14438
9882
106
8398
5253
4059
18144
2385
8331
18172
7672
12019
5884
18000
8431
1903
6103
6358
2242
16057
14073
332
7108
17979
9027
4758
10748
7566
2991
6028
10643
8718
14105
911
13879
7706
5413
11574
16038
978
12883
8059
14511
5614
11021
12330
13840
7915
4743
7546
12186
2656
12448
15664
11656
1377
6928
19205
17264
11039
15244
10400
14265
7502
9857
6137
663
16606
16009
4686
16742
14396
13077
1510
2777
12605
2482
10336
13682
6228
3764
2827
2397
3420
18678
6131
2969
393
4249
17045
12016
5652
9550
6110
1743
18892
5361
6059
3353
18773
2547
15091
4221
16707
6302
12930
10896
7727
7823
8278
12076
208
17962
19207
7213
5852
5635
7800
17090
2922
6768
11824
12045
9080
13692
7461
18204
4674
8729
17430
305
7363
10498
2593
4442
13676
10959
15404
15757
9893
15417
1434
13210
10563
6562
18110
8936
15253
14988
121
14893
14248
8655
19115
5249
19577
18824
9668
12701
17203
17162
2699
1899
12784
8759
3256
2693
12170
15473
13829
6766
9449
19478
7529
16290
9198
9188
14464
7948
7944
9787
19973
5901
14027
10773
15156
17382
17952
2450
1851
13382
4268
19512
14997
6787
18931
9922
6204
2682
2183
15306
17352
1491
18537
5045
13884
17904
19274
14628
7993
5249
12173
4861
1742
13197
7348
3338
3674
17311
16947
17196
19652
16477
520
2307
7245
17300
3926
13841
14594
6863
6452
2473
13979
977
14196
9358
6136
15379
17597
15846
18843
14009
14688
16263
6040
5972
12674
5437
3301
17741
10287
4010
19487
9795
18523
588
17798
13107
17413
5280
14035
19542
188
8111
9960
9724
9775
101
5817
13073
19881
2235
11595
8626
1399
11878
16232
5915
16094
2101
5470
5778
18479
1514
17431
2714
14402
12949
12414
1055
1573
19590
3024
6377
8620
10136
16759
18481
4628
15943
10401
2824
9223
4844
2556
5017
4110
8884
231
3264
6269
5724
10395
10788
15537
19344
2537
17440
19080
11225
5751
7330
13147
12979
17200
16446
8981
146
7273
13336
7141
7758
7572
10817
4388
3509
12536
16113
8266
5864
9951
8427
4745
10151
10967
17362
16367
13427
15956
10549
10996
8964
16837
2641
12118
9145
11319
7180
9094
9277
7668
5557
2627
15422
16155
16780
1449
909
12559
7239
18809
4268
5717
2605
8570
12270
12835
15811
19298
1886
7170
13939
17681
8472
14686
3690
5898
12411
1388
16936
2207
19727
5180
17253
5784
3233
6532
5514
11717
6804
14108
6082
7205
4396
188
1870
15136
4747
19190
5659
5254
11906
4962
11400
16852
7768
9153
10578
15225
13741
18842
9467
6151
5658
10768
3657
9876
19896
15533
3179
9465
18333
14483
3288
15820
17251
4195
18161
9434
8988
19327
5246
4804
18591
4406
9584
10067
19915
13275
7632
10180
111
11987
1852
3883
9308
1150
3712
9836
17734
14940
6658
9433
5242
4184
8114
6230
4141
14969
10504
5590
11769
109
1722
6047
210
16460
4965
2984
11393
13085
4765
16366
1630
10705
18120
3722
8051
553
9234
12809
10346
10691
7762
9215
10048
7583
3120
14041
15928
1751
7808
13979
11312
3453
5123
8958
8775
8927
16441
10311
9871
19415
18213
9675
3752
15694
6654
3546
17605
1271
4401
664
6247
17665
19404
12740
7267
4533
7872
4585
2642
4772
15324
15630
14716
5343
9309
2465
18726
6328
10914
8703
18982
15115
15990
12649
9875
2003
670
17193
12652
7824
10145
10397
17196
8001
4719
11322
13013
12282
3465
17879
8867
13079
17691
5442
10821
17609
10770
16043
3221
353
13488
13068
15970
16831
15606
1710
6811
16203
4840
2871
935
15489
2506
10384
10140
9611
2977
7885
11905
6385
19878
19196
12021
19029
10884
13650
9802
13765
4995
7178
17736
17448
8916
17572
11269
14138
6088
14439
3495
2157
7335
19147
11657
17693
14167
8378
6883
16230
19461
8841
7546
5569
9450
8625
18063
10412
7332
12287
16937
13612
15285
7489
3462
15405
16191
5055
3279
17647
12160
9610
1508
2289
7639
17475
10816
7504
2010
12328
4307
4984
9401
2846
9553
1121
17523
11435
11361
4847
18031
5337
9903
2960
3862
2676
6498
3992
18274
16875
1050
16733
10394
493
858
18907
16460
15305
15689
1163
14981
14170
17813
6982
3998
1481
9971
7896
14319
6951
10234
6163
12890
16496
11792
18437
15794
9577
1059
7245
17153
2562
14455
8807
13695
19908
7949
19379
1777
13464
566
2966
4382
2335
17442
12686
8666
3145
1533
11705
6792
429
14073
16366
7012
17020
18044
2093
16444
4671
2990
13992
2867
2512
19731
7089
11714
17372
3395
1156
8484
7415
19640
6406
13750
1210
13097
6716
18066
9192
19231
10295
613
10229
11733
6513
19850
5041
263
1770
7943
10221
9273
15962
16539
6455
6558
508
9404
15879
3002
8214
1059
17695
8976
3545
5486
17691
6594
4919
9323
6215
19054
14405
6656
13151
14210
488
10708
10127
5529
8187
2660
3463
17252
5379
13459
16932
2174
8039
8945
18387
15559
19659
2428
16921
4039
10000
5607
18879
14467
17102
6239
9088
9966
10563
6952
5799
14633
19244
13605
5746
9598
12230
15650
14635
781
1529
17979
11901
11562
9722
15198
2486
18193
5312
12806
16299
10794
18634
12896
4375
6663
13848
14654
9821
13827
19919
7598
6304
5514
8284
3583
15681
18781
14363
9677
10746
11930
7232
17061
19977
16008
4151
18504
12632
2493
11359
10817
8999
12877
13298
3529
8891
131
4132
1237
10299
3305
10947
8991
15680
8105
186
18494
14959
13560
13926
18159
6563
4828
8935
10828
96
7539
5157
13621
4611
10551
2668
5360
3898
16766
8313
5634
7133
18009
2922
2699
13835
7699
1021
1931
14261
11276
6748
9394
7730
17998
19316
3025
14843
13168
15245
14893
16192
5277
4227
6019
10915
808
2128
18709
15869
4616
11212
19547
3522
8420
19405
1893
15709
13010
9191
8937
19128
10884
169
750
10267
2314
4941
14431
15002
9749
3319
2925
16421
6780
5703
13682
4853
932
606
16104
10164
13199
11221
19205
7689
13805
10316
8676
13018
16540
7287
9237
118
10860
1886
16365
1572
12886
1026
5170
3016
16972
3332
5864
1065
3528
143
19874
3098
16983
7088
15204
4288
12082
18220
7913
18943
6173
15074
2491
10427
3391
11875
19330
5132
12050
9775
11461
1817
6841
13516
17637
5611
7398
16322
191
17629
6796
11334
7893
13246
13159
4412
2113
7706
11693
11150
7506
16879
16644
14445
1171
9933
3453
12693
2995
17867
5840
12227
13547
15678
12106
12735
18004
9022
9079
4757
13762
15833
10756
447
5682
4267
2901
8740
17651
229
5578
3674
3694
6561
4980
8769
19612
15864
4938
14212
13400
2568
10495
14968
4591
6041
12966
4566
19962
389
17559
4373
5007
6660
7832
12695
11032
13771
11626
16150
6512
3716
1889
14817
11779
13247
18751
4532
9227
4791
9437
2081
1451
11997
10446
19308
16602
7338
9843
1369
19521
463
12656
19508
11736
14587
5123
17343
6019
3318
19122
2269
19482
19637
19818
2498
3411
19363
3774
2009
8189
14871
13549
18772
8348
3721
974
18598
16564
18446
4215
2285
15413
10559
10659
48
13990
5571
11681
2730
3275
15210
18104
16913
13460
1607
7647
2852
13058
9608
7499
10731
2269
9174
15968
6583
6161
5310
2987
5903
4977
19687
2122
12700
10691
11108
3387
17107
5654
319
1013
5758
15952
6243
13591
18217
6164
2592
18263
12436
7722
19551
1485
6508
15835
18055
722
15577
10597
17374
2066
1127
2358
11531
15132
7301
1009
2400
13196
7933
19776
6806
16771
12915
14851
15180
15337
9074
11681
13903
19290
9811
15898
9110
4907
3586
5614
8042
3824
360
11480
8298
17375
18496
16278
6577
11290
10276
17285
1099
3200
8018
17709
220
1143
189
15921
2701
349
16133
14387
4543
1767
7778
1521
2999
16050
17046
11589
8764
8066
8831
3881
17100
8270
15181
17065
12498
14909
10578
1797
4368
12057
15815
18193
471
7926
9791
18296
4466
9836
11242
3691
3309
17984
19851
13606
7030
15178
7314
10225
9286
577
13919
13066
14290
4956
8167
14252
4690
2301
15617
3485
16251
536
5499
13393
15322
18648
16110
1515
10147
4986
1051
5369
10211
17287
11540
13542
8336
2906
11650
16254
3377
11190
14053
5685
5464
15834
607
19391
14206
5090
14461
14013
15405
11842
2912
11304
6918
11386
6704
4494
7243
6255
16258
16774
14490
11690
17382
10665
10814
8407
10601
19442
15612
12239
16416
701
9234
4463
4952
6105
2397
12309
12512
4891
19342
7230
11223
11757
7465
4962
1081
17387
16763
12332
18239
7297
1311
17396
13226
19713
7645
5930
14300
7455
9759
11521
6012
12725
6166
7616
16458
7226
15935
6236
3182
17287
1630
17189
18138
19986
7427
2593
786
9694
15149
3926
7612
9707
7527
14694
148
9246
3079
1043
14989
18946
3365
12995
3333
7250
845
14824
8322
393
14256
8080
13186
2889
12884
10784
10666
8230
19396
17896
8928
6201
18400
2989
209
17692
18082
1104
7106
760
18693
13168
5113
3414
4194
15111
5744
11630
7668
15294
3216
6831
6045
1221
4592
14156
468
17567
4831
7728
2910
14573
12619
12305
18963
1068
3317
5022
7857
11272
6408
8012
5138
17120
18630
3732
9357
743
11660
9076
18724
12597
16837
13096
17903
3340
9952
6189
18488
1846
16171
5810
19350
19417
12386
17526
18761
13928
9153
13606
3955
3066
11323
15743
16482
12941
9093
738
2061
9323
15894
5212
2185
17738
10720
10382
19882
6576
7000
16801
7071
18403
7852
13665
7241
11636
6265
11610
11967
5056
3203
6781
9093
6457
4424
7987
18516
4617
14404
3466
15816
15207
15576
19001
19147
4036
15006
7210
9595
11375
10746
7941
18550
16857
5804
121
346
5675
18064
18598
5062
6587
13378
18723
3637
807
3350
15941
15995
6485
14643
16678
14955
19886
19409
145
16709
17452
17248
1439
1680
12482
4405
6391
12524
2187
14703
3303
10699
9153
14016
6457
12808
10420
7858
3479
17092
15749
6240
9814
13124
10330
12662
13050
14428
6974
2731
10974
17626
15553
9631
1664
15958
1829
16645
19929
7494
9543
10188
13613
4590
7156
12471
781
17791
544
12804
17044
19437
10945
19615
12789
14415
19850
3739
4870
6292
19630
10905
15066
7110
17232
17801
2297
16808
7990
13379
13376
413
8949
4079
447
18665
1095
19637
815
19010
10414
10160
13272
9683
8718
10471
9039
19257
6754
11791
15655
11642
2929
8296
16775
1648
4451
6843
3685
17046
19701
12751
16943
3903
1298
8921
4441
10033
11493
14705
3026
19069
11350
16683
14416
8304
4357
847
15202
15340
4086
5078
19359
16051
9640
9833
8904
19923
471
19568
19442
17259
6633
15548
4202
16449
8158
3534
11143
19251
2628
10513
15013
17142
12995
9149
10092
14777
10550
6133
3360
10822
468
7394
686
1924
14709
3643
15444
17800
11274
3499
5044
18744
1627
12544
441
78
15822
4749
9548
3372
14283
9413
16196
9952
2836
18162
12982
14129
19278
13944
1682
2621
5431
8640
5499
12759
6817
2679
10857
5217
12262
6142
12222
16787
16269
13916
18144
19263
2815
6153
3097
10216
16642
19972
16298
14881
12958
7278
1853
7076
18371
13500
15074
12559
5777
14053
2961
16183
11423
17441
16291
19087
6472
853
1834
3735
5559
6217
7849
2293
1348
9832
8043
1857
18116
13115
19215
2461
11021
8008
4744
12272
15410
13696
11336
653
16898
17536
12309
621
16810
12355
11427
3816
19648
16690
15658
2008
15321
19298
4148
3772
8404
14522
13820
2280
12549
5529
14391
4337
7196
18623
15219
695
9088
8332
5724
14364
3165
17062
19527
11433
18014
7475
3614
18520
9292
15499
12355
10768
10336
6943
2006
5087
15676
17177
16333
14456
17380
10208
1395
18124
9454
7576
8210
16366
2728
18575
3618
13171
13671
951
15470
8782
7872
8387
13834
12071
13237
2540
1461
1971
18200
12102
8857
16395
14492
788
16711
16083
16412
11716
10292
14950
14086
17167
14044
5527
4977
13335
8986
805
7504
14379
10536
17618
15067
14911
18665
5440
6188
5964
9873
19324
12312
12704
7774
7019
14662
9145
18091
9229
1505
1184
6878
9509
2997
4368
6762
3868
9726
3431
13500
3296
7636
14388
4898
5930
2947
4691
6651
11174
7923
16008
7342
12621
15553
13724
94
15526
13186
17280
6688
18766
4904
16271
3750
8372
12842
1203
12774
17200
19319
5834
10208
15582
4015
18061
11087
10423
9332
6781
13400
3636
13043
11355
9596
16623
8882
12190
2863
13647
15985
5035
16884
4378
367
9621
18810
19154
3175
12979
14296
15602
6257
1232
15301
11514
1027
7713
17296
6258
12654
14000
7081
3109
4000
14056
583
12801
1695
1647
2017
8931
11949
6184
19003
11728
15208
8187
6395
16273
18847
11517
6049
12815
14090
2507
14413
3219
16683
11434
12549
4761
8115
16610
5480
9653
15667
15712
6576
3555
774
452
14846
10594
17756
16404
14601
11378
5121
10086
10704
17232
12134
6015
660
8717
10342
12374
1452
17316
7834
14058
8556
15502
869
11435
15035
1859
942
18285
17471
4264
15823
9931
8322
2844
239
16245
4653
11364
10470
15626
17431
6794
18688
14587
1869
9203
14572
15874
3878
7280
8294
14808
8590
9554
17388
15531
2664
11467
9000
18271
4229
4793
14315
6112
1083
13111
17258
2777
1389
12844
4393
3982
2077
13725
16648
12814
10554
278
7177
3604
533
10689
7979
6447
2395
7815
15789
749
11261
13063
13959
1661
4125
11269
18491
18294
6532
4648
14027
7199
8313
13057
3532
18008
16625
4688
9993
1877
2771
6130
17051
5724
2765
8501
17706
11597
6119
16372
3216
12226
5392
9763
9179
1377
15476
8965
14984
13852
5558
12415
10970
18248
5621
16908
13978
8759
17681
7692
1840
13586
7733
767
2835
11384
1481
3590
13360
16004
13310
4474
8567
9408
4234
11634
15225
19291
15667
7030
7807
692
691
1714
329
32
8857
7398
11005
14860
4630
13164
17464
6730
2240
17793
3088
10082
7863
17636
18774
10436
17502
1059
6207
6105
4864
166
12931
5004
7976
4262
5789
12658
16923
12756
3494
5194
3955
8346
1986
2109
14292
1922
1760
6061
11296
3418
11687
10613
17534
19352
6484
1406
11628
7577
7
5769
3082
7101
16252
9330
5120
3645
17182
5967
14569
19918
14076
16337
16589
15613
2280
15835
6393
18221
16044
7275
13249
15678
18932
1825
1416
12341
10888
19492
2339
5181
7034
3924
2537
16
6309
6398
13149
9670
13362
11753
19770
1294
18181
12191
19456
2204
11609
6482
1989
672
2789
15722
7506
18620
2488
2822
19904
5579
10852
8612
17690
17822
18532
18340
18024
2060
13385
18425
2450
405
7901
12772
15086
573
14154
12691
19067
9022
10198
10644
15204
6754
19629
10858
8454
15914
18603
17305
14943
4609
10975
421
13332
8961
17413
6214
6621
13701
8356
12638
12568
13502
10048
6911
6920
4863
1311
1331
16202
10193
19642
977
3241
4133
1272
10040
2662
16894
8327
12103
8571
15853
14031
10502
17176
14041
16589
16844
15917
11596
4923
3464
19839
16133
3901
10540
987
17006
3489
15145
15734
7071
8359
15550
7515
2218
19126
19673
9947
10618
7399
548
19360
1637
12204
18432
6574
17443
18103
1322
6695
15233
19259
6066
7208
9840
12317
12363
16099
8828
13771
8012
15521
18725
8684
2489
19412
9734
10726
13117
7544
8719
15373
12154
15544
10380
14277
15382
16173
15074
12076
15576
18609
5534
2436
685
14510
15747
19296
16894
4911
12139
2386
19914
990
5415
17873
13761
13884
8941
651
16513
11667
13510
17138
3457
1116
8701
8894
7504
19497
5390
1352
9224
217
7038
7871
19867
7770
16166
14722
17362
19503
5289
6489
4966
17776
14879
13977
6056
13596
18708
8257
6785
8878
14436
17382
19931
18065
14069
6321
6996
14826
12529
13702
17896
2943
674
11337
9121
15482
6961
18716
14004
17626
13897
8025
848
2192
12014
3309
11226
16269
5429
17932
15104
227
76
2678
8299
1934
2905
9512
1736
16738
99
9612
8116
9751
3880
18734
10671
200
17733
15927
4894
12040
1586
14010
12896
10813
6790
17865
9880
6301
19500
5465
7025
76
3178
19245
3229
15652
4962
10912
18319
2399
15663
28
14232
11518
19631
10418
5417
8505
9654
6704
1664
6566
254
6974
17389
14849
6422
17272
9035
7710
5755
17764
15497
11968
18381
17028
16279
19406
12663
8031
1047
11294
1550
2794
14600
8876
9414
5124
11970
161
12844
10781
18552
15856
6756
991
14148
15082
19395
18037
1181
14025
7071
8142
14615
12488
19978
720
17759
12467
6451
15276
11974
2761
15909
18499
13641
12140
11985
12824
3746
18377
7181
2687
2214
4910
12724
11340
9308
5703
895
5946
12093
8652
9002
2707
10645
5914
12915
9603
15806
19519
1891
9906
9132
13293
12018
6289
12522
910
8804
7948
15448
8949
3747
16367
5454
4479
7710
16417
18611
11155
11785
14731
14123
13167
1609
4846
640
1710
15902
7192
2287
674
13288
19055
5827
10023
13948
16470
19432
17992
10405
976
8673
15401
14557
16120
9587
3753
14114
829
16923
13718
8045
11219
3859
6623
16790
403
16616
13234
8823
13434
18284
19257
11945
11783
11022
5563
6473
10713
11976
6095
2381
8448
18017
18626
16942
1345
15263
3196
12718
13961
8440
5764
10680
11307
7103
992
2443
10052
9787
13390
5329
10056
13650
10427
12307
8440
9390
16876
9139
7363
18826
1833
15880
1810
1889
7776
15914
2187
14624
10490
17586
13137
14710
11568
10544
15923
17143
18065
12713
11050
10961
178
15362
8951
2182
7238
17683
9102
9892
9426
10872
6558
18119
478
6391
16585
2912
19890
3878
13877
6992
11038
14067
3455
8573
6473
14511
13687
8940
14748
693
11861
13495
4161
9164
14613
7651
4944
3269
8203
16154
9304
12709
5310
5674
896
6169
1857
17118
14529
17838
13996
338
14263
9799
15403
19332
7000
2292
600
3110
7182
3535
9211
3841
81
8765
18615
19674
2207
474
19319
4453
817
6025
19900
18398
16441
1113
5692
19261
16317
2251
19126
3129
817
12308
19554
5033
18527
18615
10385
11005
9453
2870
18363
9504
13674
4684
5993
1525
9748
19717
1251
2105
16340
1721
633
7102
8216
3538
16348
18420
8988
17404
4447
766
12828
14929
3989
19842
16057
19341
635
16126
3505
9555
3586
9690
6211
15772
16827
16255
8395
8313
11334
19212
1579
4246
16381
8141
12345
869
15966
1173
12641
14364
4430
13501
16206
8518
12089
9111
19406
10072
6025
16420
10793
15465
7116
8169
16871
18395
4655
3148
6342
5138
3145
18078
4877
19115
1682
9914
13967
6187
11664
17073
18995
2278
8497
7166
14208
10474
505
2831
10198
15902
5869
13345
1131
9276
19988
2520
11749
14384
3178
8700
5733
6133
8822
12352
1955
9910
6463
19923
8110
2277
18441
329
3317
1703
19328
18448
3856
11537
16857
15754
14149
11626
11259
12354
4688
11250
13190
3948
3006
2049
4306
17601
19359
1944
4538
507
12108
227
16648
10097
17330
12530
7043
56
18858
6634
17351
4868
6064
13865
537
4039
14511
4532
725
12875
297
17134
5237
16122
5548
6174
14192
17919
989
16019
2935
19538
9572
19412
10053
1962
18266
5432
13351
13999
4326
16586
9728
18312
16858
10424
12995
2764
13917
4928
4881
6144
387
3303
6501
908
16246
9704
12645
16530
5192
12424
10873
1267
1094
19287
15526
16106
3497
11623
8760
1020
2279
18518
6084
8213
12411
8592
10874
8834
3606
18058
2718
6694
12579
646
10063
13971
18368
1170
19431
11102
9067
18408
2850
8521
2346
5543
1704
11531
9483
12858
6890
13487
17385
1632
9597
13291
1367
11451
9461
15826
6860
17365
14840
4549
9630
13084
8035
14046
14164
10434
4295
9717
4293
8982
1202
15642
12386
15970
2377
18346
7547
11980
17050
3158
132
5042
1065
9079
12492
11742
10911
1497
9543
19633
10022
17086
2935
7090
19939
19642
4547
11915
18780
18752
9420
6988
16377
7004
6071
12349
19399
18891
1419
19047
5132
5640
12051
16595
9616
6148
17026
17907
17227
13373
9921
2675
8998
12143
12422
9530
10868
17916
7073
4587
18714
835
6507
11368
14957
2808
8492
11307
16727
17872
19569
3285
7611
18542
8468
8943
11169
4057
4719
11266
118
17485
12268
19769
8155
2568
14120
4770
16206
10719
11468
1950
11139
5750
10936
9269
2195
10750
16046
9270
2080
8575
11248
15127
148
13827
1073
16127
19555
13705
4655
10892
2854
3109
2752
1543
11150
18441
12647
18919
12244
11323
3034
10695
13618
5298
17044
12345
19875
19792
718
11089
12560
11789
5377
15316
14513
18112
14807
12113
6497
11703
12401
14175
8301
12220
5607
3633
2725
8242
5015
4770
18654
11361
10791
17796
14690
1874
18132
17295
4324
8605
11180
16058
7643
7542
18289
4564
1034
7817
3686
19466
15500
17316
1022
19429
12781
13018
5694
14852
1348
11252
9518
6282
9132
2634
5661
19451
19828
13955
6143
4546
15828
4051
3384
3294
9751
2798
5595
3998
4785
16227
7591
4530
88
9010
7964
18951
13267
12408
16724
8194
2280
19176
8670
14630
15896
11641
14529
719
13180
2710
17021
19483
18547
13013
19904
17657
4450
16505
6111
4466
11481
17742
9627
15779
14974
3870
15519
19295
6759
9193
6551
7777
15600
1267
7011
19918
18705
18328
17343
9555
18559
1984
9713
3203
19986
13197
8071
16674
3187
19298
2623
18744
10313
13931
1731
4759
13129
11205
11468
19203
3863
18218
8868
14864
8875
6753
11657
6659
11123
1179
14604
14558
13503
6837
16695
19243
15416
6714
2806
10482
5247
1536
1924
7984
11065
17738
2110
3034
18624
7322
6713
4617
15512
2035
203
1098
4713
16490
1656
12061
1594
1549
7978
7101
15901
15733
12002
3012
15662
6753
1693
8994
4347
2491
13233
840
12902
5812
4590
4420
4179
10277
12594
12602
8083
15198
4916
7371
15295
10958
8653
19564
15255
14178
4143
14918
949
16541
13178
18440
5885
17263
18989
17141
7328
948
7638
18442
15556
19568
5296
16771
4336
1544
12594
12952
11652
2224
2454
19595
14714
1773
17212
16915
13408
5358
10873
162
9850
3299
18369
12436
18658
4779
350
8927
1039
17226
4199
18937
9644
19238
18259
8458
15861
14158
157
1815
11192
9079
19680
7241
18227
9036
4030
13841
13005
9388
5886
2439
15507
8270
18475
19744
16013
4562
17287
2485
7520
6091
18960
15542
17421
11819
7368
3279
1347
15240
17817
3877
7186
13343
5384
10248
13037
17355
14030
8906
15277
16623
1306
17635
15493
5935
6143
919
14282
13105
11774
15194
10535
19444
7943
13118
16438
18212
18193
7922
10711
14686
16349
12496
14682
8373
10837
10407
23
4968
2614
11810
1322
18431
8179
14386
19899
13097
12371
10477
19891
17619
7428
15484
14584
1316
213
298
1601
13464
6160
14795
2108
7686
1379
12755
5774
16330
2846
12584
11143
3087
8825
4170
2474
16524
892
10421
17596
1674
16948
15711
6908
6420
1109
5572
4641
13936
14420
19780
4039
14376
1880
15425
10693
8271
10234
7893
17269
1612
9072
15133
19746
8014
4068
2218
9506
6452
680
7868
6056
10646
5881
42
8894
15010
2032
8388
11851
5174
3605
17598
16541
16754
11165
6167
14030
5726
7068
3743
10595
16117
10940
3455
3440
8532
14855
2875
3012
4879
10149
14768
11653
19152
4877
1007
3804
17697
11545
19185
19566
14726
11027
11248
1910
6280
18911
19727
13831
4569
8256
2748
2004
4060
6458
3708
2619
13620
3519
18768
7931
17453
6156
3762
2869
4580
3673
8918
15709
2695
6831
333
6248
6701
12036
3815
18326
4203
2938
4097
4258
3866
5295
7060
15607
4552
2384
2193
16874
1147
10394
12819
19429
4661
10938
10860
5113
12646
7104
4141
3629
9560
2379
7587
9167
5423
2313
18035
9881
12273
8234
2567
16102
9672
1709
4537
10678
11472
18517
11092
15308
18374
13072
8140
1693
10496
2197
17118
10599
15432
14465
58
300
15635
15197
7335
9210
11631
1114
1132
15091
785
7041
18352
16927
11957
16056
6996
14206
14984
5195
4888
7509
1420
6782
2852
5538
14038
16378
16204
1848
14508
234
9013
10511
7879
13996
2070
12677
19806
609
14103
4694
2990
2271
18141
7961
19685
13077
11764
1885
18092
7797
2224
19870
9323
10657
8284
11565
15517
2066
16458
7675
19628
15080
10427
12437
14237
2681
9393
19148
19488
4370
7466
12869
6639
3474
10714
14770
4805
13514
6921
3858
15348
4139
13599
16732
18935
7527
17113
16586
8444
11672
16757
7140
12098
11186
7340
934
13080
328
11920
16964
10704
13301
7627
13634
16091
19451
7685
9587
19986
2885
4490
13579
4487
14545
17734
6864
2928
13776
2859
11140
19879
944
6814
12269
9019
12350
14359
3146
2779
2582
4281
16703
5996
1477
13913
9029
2697
1753
11159
4
6644
4860
8814
9311
14233
14194
7298
2068
7025
13910
10933
18389
3002
18808
6780
1631
14415
3286
8555
12317
1061
9684
60
16407
7117
17961
18676
3263
12009
12481
6104
17904
7595
4747
17720
17665
15825
9362
15075
18305
18992
29
9011
1588
16537
10635
3202
16836
10056
761
18365
4631
596
12688
19923
7926
10225
11134
16540
18471
11317
1836
3880
8490
13199
12784
1966
15775
4329
19828
14208
1483
15758
15787
3973
18315
17743
16643
9243
13661
12598
11244
9522
14758
1070
5593
16185
1070
11602
7896
10526
19784
19111
14315
7035
3051
3786
8054
1422
2380
2400
12010
15091
6837
7888
2639
1549
9738
16202
7791
3912
6897
19515
19663
18107
15019
4663
17485
5423
19818
8222
12535
2347
17249
3855
7226
6601
2348
17337
7412
11793
18615
8092
13503
10048
3479
10198
18196
1485
15255
3241
17495
7559
18041
9909
19990
13377
16971
19552
1508
7592
12795
18377
2072
6178
7875
9541
15379
5467
14211
5950
3433
5565
14351
10152
15056
19724
1049
13461
15393
16486
4783
17045
4009
16172
14308
5655
12262
10945
16966
13805
7541
18990
2219
1148
16605
18227
10025
6254
10223
4199
2685
5207
5638
3902
2397
13282
15361
13291
13801
10126
10294
18670
2165
18465
8136
6868
227
3190
19289
11234
14221
56
5089
16944
12535
14453
18705
7253
8883
226
5133
16688
5827
17037
19282
3326
19508
17780
11597
14273
1770
9983
11989
12203
7948
8662
5058
1349
18277
16012
399
14373
12006
12677
8003
10336
14559
4939
2657
1079
12288
3509
5493
9484
19828
7616
12266
11243
4410
2533
17650
12545
17600
5407
15038
3485
7295
7892
2837
4949
17544
10594
1253
788
9594
4751
4924
6930
3486
7834
9446
14546
5092
18919
6729
14205
7252
9588
5247
6371
7248
7918
17885
9418
5848
8079
15019
9894
12744
15747
10596
18540
1013
17553
15208
19563
4046
8166
13812
4437
7597
7188
1198
9465
2221
1569
9037
11995
15494
18346
11606
5775
17356
12154
10645
13005
9682
6576
8576
17035
17753
11375
17004
19255
13229
12612
17360
9881
4908
9265
15507
6622
18328
16234
14843
13696
604
1700
4727
12066
16676
1939
7036
2237
9765
2603
15867
19489
7760
14781
2653
149
13092
13216
80
2385
12614
13847
12997
700
8752
5140
8352
918
16136
11422
1048
16576
19813
18094
2626
6971
6687
2393
2617
13676
11711
18105
18336
18409
5990
2091
3686
1826
12282
3204
18047
16632
13616
18196
9991
877
4538
5125
5262
4561
15041
11429
7561
15105
9472
19498
1746
8607
9548
6030
12247
14260
12822
9718
2144
19704
4213
18924
18193
9695
4252
1333
6191
8623
9593
15569
18117
7976
12658
1453
18389
1979
2405
2350
8457
7666
17390
9914
18855
9962
13131
13460
18396
12073
15732
1792
2557
16892
834
14568
12707
358
165
18902
7366
13427
6653
12670
14501
17381
8675
9170
467
6440
9166
2285
18282
13407
5529
13460
19743
16984
17169
17484
19390
8589
18638
15553
13092
14163
12719
1810
15452
9598
2919
5804
7776
7536
19558
6249
9363
752
7955
15542
11351
13932
12233
3087
6979
16421
6013
6221
3866
5719
10859
1916
14164
4617
7153
8095
15015
3650
2284
10587
7391
16361
15973
7108
12941
2374
17963
15274
2232
18310
12455
1329
11498
19524
5176
14881
16914
9572
6144
18757
5758
16049
1695
11708
14774
14485
1249
6458
543
13516
12189
8486
8800
3023
17450
17551
8535
4843
6842
19530
12164
5422
16658
14735
17018
15319
12402
14432
16759
2689
18457
14064
11805
5239
11200
1988
17313
10617
7234
13469
19717
342
2219
2384
11653
9034
3576
14922
6904
3970
10519
6052
16447
7294
18734
13235
2436
14691
18168
3699
2031
1670
4989
11842
18722
4335
5985
39
3351
9511
5535
10247
6090
2365
8748
9276
9540
4378
10651
5763
16348
6221
863
3050
16442
12670
11781
13572
19018
5686
9069
11135
5064
15638
11629
5702
407
8495
7480
13044
13153
5777
7806
14831
374
12212
11802
12793
2500
2875
10217
15922
8981
9693
7656
5852
6246
14973
859
11871
3461
5613
6426
19890
19554
8034
3047
4486
13493
14893
1521
18510
7390
16113
5562
14739
3054
16569
8656
16321
2416
6007
13965
6001
14633
6743
1458
11957
6865
14638
16348
19787
3866
14428
12129
15635
14819
15785
4235
11771
6562
4178
3975
13491
816
4479
12347
6310
9558
19803
17711
6576
16112
2905
640
10417
2280
7245
18530
18437
9557
1599
16681
18016
4977
17887
17107
12065
13225
2878
19765
10262
16499
11414
3894
9658
10434
1782
6355
7841
7767
15615
4421
16601
6741
18435
12395
14146
8561
18306
16914
2737
2941
10898
4916
3171
18987
13786
16779
19223
18391
9499
16354
5257
16906
7391
9544
8445
4613
5891
16039
11305
8438
16439
8959
8904
14320
3529
4564
13850
4351
17385
8831
3253
1945
10546
18083
7
19165
6320
6298
5289
4973
17945
5446
3214
2602
11112
14047
836
8226
16096
7686
12434
16732
1962
3804
866
13511
18248
10826
13815
7752
11272
1453
5502
6464
6671
12067
6467
3321
1465
19009
17405
9996
12543
8918
15079
1984
6284
3465
11777
9669
18474
19877
9738
14418
7551
7923
12529
260
3589
5246
18427
2389
13063
9381
2099
4047
15325
5251
4952
10514
7848
18059
18312
7816
3975
17865
12924
1262
3640
4823
12410
1654
12575
869
16672
18042
5477
14265
7767
9439
3662
13971
15337
7732
4657
16367
7337
1467
11737
18041
1228
16113
7643
1658
6749
4926
9965
15657
5635
7457
12080
5709
19842
14769
5560
6696
13941
5844
4505
839
13033
14086
3503
5520
18882
4853
14883
10702
7102
5296
2778
786
16584
16071
17118
11162
9839
14659
14522
6594
17729
13216
4743
5328
7917
12505
17551
5154
3341
3379
14360
11212
4889
3943
12757
9287
7975
9891
19549
11484
4105
1558
17277
4430
13407
16453
3874
17227
5594
14693
3799
3952
3495
9749
6863
6627
14993
4685
16165
1593
2186
8728
1576
4091
7082
18606
7598
6111
5889
14198
3177
6413
617
2486
19263
18400
5693
7403
10025
6789
10426
7880
14409
1885
17092
13810
16906
1981
7453
3431
17503
16695
14193
569
7187
19
12839
12669
19673
19656
18865
10402
5197
7383
9336
12951
9812
19024
5625
18814
4507
17094
11331
10131
5367
10531
5658
11269
14988
7676
18975
16187
4941
8912
10636
12871
8562
7510
16795
11160
17478
4037
12251
8267
3490
9186
11200
6541
5728
11605
17718
589
19844
326
15702
9310
2243
15174
13393
18370
5688
864
3136
8408
15378
17632
3056
641
7481
8156
4822
4515
14003
10167
18491
3681
5782
14512
4976
16357
5417
7025
5136
3165
2707
1838
4154
18393
16180
7452
13234
16350
217
7559
2167
13535
12154
11531
5519
2863
8187
14172
11998
16170
2954
14918
11233
6859
3526
356
16983
6883
6586
4170
11911
3494
5890
4822
5583
18397
15792
2712
7926
14613
2119
14992
7611
3956
351
13925
10358
14814
10659
409
8371
8621
13501
19649
19353
10787
8046
3066
9179
13296
10293
19759
12369
18716
5573
12001
16225
19644
120
5894
2535
3646
2573
4681
9640
13206
18061
14542
11554
8934
2460
14089
11761
18136
19647
10391
232
19702
8193
9814
2220
10487
10121
3246
19683
4076
17402
3932
9927
19003
19731
1595
748
10812
18178
5021
2364
4815
6607
7119
8900
13955
13622
7336
7912
8222
1937
8332
14510
18484
10477
1276
10898
13696
1107
18779
8044
2057
4934
19472
7906
15944
4012
15706
487
11004
11519
724
15771
16709
5964
412
15011
13314
3223
6853
15552
10946
12140
8580
932
5047
7799
1871
8959
2864
4196
10698
14490
4854
9907
17199
4325
13544
15906
4912
197
2205
17820
4335
5037
19459
17370
18469
2461
7002
3761
2536
16431
4274
7377
13598
3884
14479
166
4235
17789
15623
7108
14020
2393
14966
1965
4083
10022
15663
19677
15488
11438
17001
12247
9637
5845
4128
16782
17918
13416
6746
10887
7440
13928
17816
9579
13384
8678
11082
2493
19419
17342
8880
10966
12584
2940
4617
2273
10369
8659
16821
6142
11254
10020
17355
8088
6651
2792
10164
14274
8368
15022
2534
8089
4618
2675
15073
6809
17251
10998
6442
13472
15705
5064
13846
16856
15817
9110
17001
16645
2957
19365
16429
17737
16433
4338
5922
17347
3321
12810
702
17022
18110
18328
13049
19707
13235
6929
19355
19611
9536
6111
6092
12178
1510
13832
16575
4746
8807
17129
14707
11825
6975
7520
298
5749
17304
9740
18549
7415
5439
830
11666
3135
6171
9066
4690
7603
15187
16774
4443
12190
18708
13629
1309
9823
3577
3908
2933
11928
16116
4450
18996
4445
7911
14186
907
2340
6759
13103
13255
11789
5878
10108
11603
3802
9877
17283
9102
2413
3327
17660
4001
12967
11267
6212
14047
15830
12056
7319
17202
19211
4327
14431
4176
11293
15203
10278
3352
4347
9920
7939
10667
6938
18439
16043
10962
3713
7707
15482
3978
17830
11811
9044
11091
14078
18488
15284
16028
13879
12221
3358
1951
2657
4074
16954
10369
18000
15238
14827
2406
9936
13215
15208
6386
10249
15881
900
2713
7230
15331
9734
16790
3814
19521
19806
3680
8335
15360
4511
15130
4261
19750
4629
17427
18093
5676
11707
1013
17244
15024
14304
9795
8370
14242
11465
3825
513
18297
15580
1664
19889
4147
13941
19209
9796
6643
18875
6483
11324
1818
12368
7128
8735
18563
19640
482
466
5642
13523
1416
18437
13119
6260
15592
11776
15299
15188
8187
6563
5882
16905
12379
5491
18259
7152
8461
12987
16709
14837
9830
16231
9153
1204
6894
9863
17572
8731
14869
12094
868
5476
10650
10628
2602
14063
3600
4407
3104
5622
5646
13845
19118
6257
19673
5680
4630
1857
6635
1078
18952
11954
15574
2860
1702
14389
10893
17796
12027
3174
16470
8064
14631
2092
3308
18912
1871
740
15565
6938
6470
14191
4559
196
16116
4978
11097
8575
10211
2710
14137
12303
11134
7429
6174
12630
899
9821
17463
11156
1676
15093
17667
777
8135
3097
11609
18014
9266
13507
738
14613
3279
6882
837
13389
3059
245
16288
18890
14153
1427
1659
7844
19213
2139
7549
1751
6484
15417
2843
2830
1216
4951
8532
19892
1411
12216
14085
8121
6039
19267
9803
8486
17709
3546
19014
1521
11915
359
21
16278
18693
14330
4531
17351
969
8185
15906
5399
3189
10889
4458
5058
1871
12894
12412
4401
1093
10456
8551
7835
17393
8578
7598
6420
68
4691
5781
13490
3248
13782
15167
2324
1666
7163
19301
3528
6145
9364
14773
2945
12524
4095
17089
6438
1149
9067
8425
5096
8927
16557
1370
14252
15872
6812
15619
4137
10857
17101
2140
18701
9385
7931
7629
8591
19529
15795
15865
6717
16280
4571
13774
5681
1567
9475
16853
16799
1985
10281
3848
7333
9950
17483
7221
13489
14698
11683
12119
6821
13105
16260
9056
7098
8837
6676
5244
1251
17131
6447
9010
19234
3459
14625
18877
7809
10136
8204
17149
14272
4426
4677
16069
5135
8253
8127
17442
3952
8948
17698
18431
5074
3522
14843
19763
16619
12835
3370
8685
5420
10012
19600
4511
5364
7085
5140
4031
4026
16011
13442
10895
17397
8668
17041
12046
17928
3832
1758
6622
13647
11399
9052
4870
13292
6836
5325
8244
2145
15701
4041
19647
18148
10847
12734
9687
282
16190
18566
1010
2532
13227
5619
19276
8319
17177
16707
7117
6205
2800
6289
6146
18700
697
5420
5906
7078
3667
19294
7560
11503
19859
14207
12431
2345
16355
11886
8404
403
18253
2927
10138
13303
10740
4573
5399
12156
8263
11996
16634
13983
5912
14316
7800
17997
19265
14149
17733
1354
11550
18350
15741
1562
7053
14789
16997
8889
18662
9679
7705
4989
9980
10255
19783
8372
10575
16719
5813
5430
436
13600
1644
13963
4555
12161
8552
6866
4974
19357
19519
2900
7316
2819
5451
7839
10757
19654
12883
10154
6352
18628
1182
18393
2560
1040
3433
18110
13846
3663
18641
9138
10113
15569
12256
1950
11246
11402
14221
16339
2318
3823
16822
5417
19918
19007
11411
19219
7362
1502
16909
13756
1109
15120
7136
7224
9153
16371
16264
12615
15276
3003
2648
1496
17683
11390
14322
13724
19309
3913
16254
8568
8535
16499
17444
17219
13845
14465
3272
8
12550
14616
7816
7382
10485
10086
16556
12809
12998
19313
9194
2619
14834
11271
6666
13107
9435
3738
16258
12748
18961
245
17757
13815
1016
8780
6167
2629
15698
19348
19647
18172
4228
8680
8959
12639
2026
9163
7602
2949
1817
410
14539
14070
9844
16937
2559
18127
19224
18284
14333
1210
12689
12261
2239
19344
2119
17888
8135
1107
2429
5534
10284
11025
11287
16162
13144
10842
8290
12202
5027
19715
13740
22
13012
3468
1270
7550
18437
11323
11929
11866
7795
13831
4588
16902
14973
19245
19254
468
91
1031
2798
16949
5924
18565
3250
6546
2364
2050
7622
9934
5731
1634
11818
4141
612
2952
6233
10758
10482
11681
1384
15571
5049
4801
2530
11918
14560
11305
3228
471
2824
7024
10149
16463
17009
2196
6950
2468
9930
7397
6824
10867
19297
490
3813
19599
16416
7292
16446
256
9926
11244
2851
13097
5934
1679
4248
18311
6814
10677
19510
4846
4161
2106
16552
4059
14092
3608
5053
12106
610
3443
16600
2722
12329
10752
9682
12364
11310
6472
8906
10673
4365
4814
327
12050
10541
649
8202
19174
4191
13645
956
837
5392
3952
12505
6301
4045
16259
10711
14729
10918
12652
8709
18732
3694
7752
3444
12283
11866
12090
12164
18894
15900
10493
9908
17338
7869
4610
1918
9664
15951
1335
11403
19190
18352
13604
12067
12767
12033
7003
19692
784
17603
7482
1410
3737
3274
4013
2816
15985
4748
14032
17628
7207
14913
4792
7393
16302
14285
551
1133
12177
15936
17012
14789
1816
18547
16438
2823
7788
14516
5738
2532
15029
14483
8506
2308
5379
9235
1111
9928
3364
5129
16356
16467
3748
19901
707
8372
19550
9670
10131
13732
13529
2598
9985
5046
10487
9070
7078
5323
14964
5889
3364
11103
8008
7068
13948
11714
19937
5713
8896
14916
6725
16369
6347
18678
2986
788
16838
11564
14955
14264
12608
14531
15985
15798
6863
1882
224
11759
9516
2392
5012
8661
7943
14540
5787
3702
15011
17497
3619
12530
8610
12482
9535
12220
13041
4293
9163
14749
10137
18201
5244
18425
1889
5740
10819
3500
3480
758
14246
13701
12227
755
2795
5524
12262
5523
6432
16744
19478
3668
4092
9023
3453
14180
3669
7160
10125
7673
19544
317
18880
1668
9115
10596
10658
13579
14380
7356
11026
10079
19093
16377
8633
10297
5296
205
4890
1119
4205
4815
19451
15796
10824
1561
16509
13868
9804
1283
11662
16406
4810
9821
9232
12722
2519
12570
7957
4352
18876
16460
19895
7449
1026
7601
18895
15226
10680
19816
17756
1163
7660
317
3371
13952
13707
12701
4183
373
7997
13930
11458
8176
15976
1958
11866
846
13558
13807
2560
9005
13489
9470
12679
16437
2673
9067
12572
3231
14126
9762
5937
13676
19038
9243
8743
14252
11283
9681
17626
19214
17464
17092
4785
13310
15643
12124
2745
1382
8997
2341
4748
1719
7492
1141
19756
1518
1163
4964
8686
13746
9354
7827
15638
5367
7843
2212
17849
872
15944
9251
2256
12990
14783
5272
9550
12078
6500
5167
10036
6469
12777
13966
2853
13542
15760
9235
18190
14045
18220
12647
14206
17174
7020
4570
11933
10624
4186
8574
374
8650
13009
16492
16625
1543
2025
11638
17160
19152
5845
6437
662
12485
9728
17301
10633
8510
1420
9792
16163
18886
2859
8881
11769
11826
5413
2153
9508
12658
930
5665
3430
2385
1405
11300
16636
18496
15034
14238
16263
9804
7483
2749
4722
15053
1513
18007
7529
7824
13174
6307
7574
2944
4004
12377
18953
9867
2416
15178
3973
15926
14063
12268
2673
10712
12982
7122
7895
1348
9644
1287
7770
18500
1261
18407
17562
7433
19782
6176
18021
8682
8960
1913
12945
2187
3691
1639
17545
13080
8200
15719
19286
4681
17326
2247
14642
18403
11861
6996
13981
4438
4448
19106
9511
17206
16699
12606
9859
2230
9424
16863
15096
12961
6655
4073
16725
19241
15119
14363
18250
17118
873
16332
9087
16399
13105
17732
2204
326
10263
4235
8321
612
9565
9398
16228
1425
19545
16082
13143
5370
15854
5790
5275
8069
2872
6746
18851
7795
18504
8923
6928
7548
10806
7031
11770
3342
13962
4280
13304
13202
8833
10699
11400
8515
9884
17403
17392
14678
12823
9813
19021
7511
5074
16974
7248
1267
4293
18402
4981
17647
19773
3039
3338
12682
15356
2485
17065
13032
1790
13431
16912
5790
13860
2900
3207
8290
7326
12243
11610
3899
11734
15027
15399
13510
3707
9174
8189
13731
8175
11727
4115
18925
14656
11653
2142
2099
8987
15040
17981
18884
13676
8115
7465
14989
5390
9967
19476
18899
13489
5619
1958
11708
15078
6356
7317
12579
19276
17265
8449
4050
11092
1176
2431
8618
7782
5570
13023
18644
19701
15118
8287
3383
7904
30
5098
1060
18649
13543
10488
18247
354
17639
17851
19463
5432
10562
8532
9501
14420
16084
7554
10717
14102
19715
18229
10228
15223
18177
457
15240
18301
7924
2323
502
3768
1025
5530
19803
178
9355
13796
11487
3251
7116
17979
12617
15835
13979
513
613
8431
18312
14026
19459
8741
19201
1564
19141
12946
12840
2288
15586
13808
12161
15420
6188
1551
15990
13492
10152
14539
12112
17951
611
15156
8096
5467
16497
13654
681
10798
6903
338
10042
15125
17669
13682
19750
4353
11666
3452
19808
14543
8104
10074
16045
1616
3084
10458
4312
2678
2189
1906
6789
1039
5448
1515
4310
14126
7375
18432
7258
3140
3953
16074
14251
5893
523
13429
10075
12810
2896
19796
13391
6147
3721
5710
9886
4651
10693
9635
3416
6780
7495
10418
6506
9268
2208
810
15263
10335
3102
8819
4744
18586
6973
18416
17762
605
4995
12713
12816
18334
17912
10707
11664
6870
16696
2958
4881
16347
791
18266
4975
7281
12771
19546
19135
17972
11782
9729
15904
10014
8122
18622
18320
10658
3827
14635
13238
1525
7009
1030
15259
10217
13598
14138
13632
19825
16081
11770
13234
16327
5340
14476
13065
16753
340
12832
1509
12459
17890
39
11098
17163
2379
13107
18594
16152
17472
4964
1676
110
4940
10946
1928
3759
3296
1271
6749
9903
6693
8349
1147
1885
5727
732
14991
9715
629
15364
9099
18504
2465
8711
18850
9160
15748
15164
17056
19672
18760
6748
17127
11456
16546
9869
10736
2025
1043
6292
4811
5779
9123
12162
11216
14075
15613
5265
18967
12979
7525
4981
18503
14655
13902
19058
14261
16184
5606
2756
17877
9078
17930
8528
15458
15746
18589
18056
19247
7031
13786
19975
1375
6898
1698
16171
11256
8818
7223
12259
5178
10469
13178
19086
1138
11766
5670
19547
7050
18471
409
3069
8531
16907
1930
2404
12978
4754
2964
7359
358
10315
942
17060
19411
16426
19085
14584
14213
377
9643
838
7128
16501
6986
14615
15173
8487
3916
17486
15785
5441
1552
8796
7869
8644
17285
11219
8041
12238
14578
19966
13797
17826
8004
8029
4341
1141
8855
1995
1976
15614
285
6568
14044
6293
15897
4768
13850
7545
13770
14952
10019
1415
8861
8966
818
3187
9682
12658
13051
12950
11950
5110
7325
14751
6516
13321
8612
3706
16741
5320
18182
1713
15743
7972
5334
7824
12979
11765
15831
3127
1840
2202
959
8807
10830
3266
2139
14250
4299
16542
1589
13754
13513
4264
7801
8575
8836
16249
10425
6055
8643
619
5231
4885
2994
15293
5248
6976
3858
17843
17779
16035
11742
3577
1464
2991
11458
19599
1545
9482
2130
8764
5218
4724
12666
15389
4436
13375
1908
13511
17355
4556
15372
88
16645
14779
7912
8579
12337
12904
5675
2568
16365
2803
10752
938
5515
12084
11006
9101
19242
16979
191
9776
5151
15777
4408
7595
12082
7682
11314
8752
13860
13692
12616
8198
7408
4621
11834
12409
3208
5355
15956
19340
5000
5954
4607
11751
4259
2356
11241
7699
3792
4615
5671
6343
15450
18996
13587
13862
15478
16220
12315
19416
7805
12198
18002
1848
12423
1483
17562
10593
7131
10850
8199
17558
6086
6093
8995
17275
12963
17574
1675
2328
5875
1262
14835
17784
14631
13660
11399
4347
14268
18215
18488
13577
2892
203
13824
15376
18697
321
17481
3894
19070
1313
3325
4587
6039
19022
3072
578
2310
16602
19078
19908
8401
3409
16157
11506
11377
8957
8317
16610
15009
16100
4250
15896
6240
12551
15086
17137
1775
2091
7417
12063
11433
7851
18924
6634
13702
11627
7116
18424
18070
6575
3986
10582
19694
4751
523
8929
16587
8326
17121
16653
159
14180
3819
18516
11288
5108
17845
1581
6227
7270
9876
17693
1265
1361
9870
18859
16098
6694
15415
18700
3064
7672
13241
9013
13006
1392
7582
5032
12759
7989
3488
13448
18732
8675
3137
10003
10786
14786
6743
19569
2809
4784
11769
2890
13729
16325
8723
19421
19917
8543
15377
16113
2498
9238
17843
5673
10955
2545
18085
17504
13662
11734
245
13498
13477
3522
7770
11510
17958
786
1324
15861
18387
1426
3695
5244
18672
3891
11520
10957
5387
4794
6256
16133
15476
18654
17065
994
2426
9730
12618
18439
6581
12589
7015
18792
8846
7481
8533
14040
5163
19731
5802
17338
19788
14772
10489
6597
15625
12955
11887
9724
9113
5481
17907
10026
10933
12311
3674
6897
5106
5325
2677
15132
778
11604
4707
9637
4517
11692
7300
14048
14852
19409
18773
11706
12083
5339
13233
17625
2873
289
7594
15147
4012
15725
7759
132
11725
9156
7881
16658
4972
775
19348
16265
9436
385
16746
17316
2369
17786
11259
1279
9378
17
19627
14310
2810
9757
17414
10446
16483
15898
15624
3886
13959
12663
13839
7927
19501
15265
11245
11855
16829
3601
10029
10192
19348
17323
19744
12301
8909
18678
481
15638
5150
16812
19576
8680
14514
5069
16180
18327
14996
12738
1796
9070
1392
13985
17444
9350
8048
15198
13843
7584
12044
6304
18768
14081
3130
19641
18983
16696
17237
13852
1987
17731
15470
600
18938
13289
4580
13109
1820
2113
3509
19368
12659
2937
9185
19171
6452
15519
15658
3484
3722
8883
12384
13400
15715
6589
10221
11714
19811
11912
19839
16157
11731
2936
14088
6278
7988
16715
17521
6668
11811
10729
6212
5948
10603
9758
7368
748
14814
3457
19183
10411
18771
13569
9541
9412
10878
6115
5598
11674
12825
15166
1111
12680
6547
10237
676
13754
12490
6366
5554
6594
2496
2986
7239
16079
1991
17948
14746
11418
9303
15178
7557
4370
13576
13530
8228
10935
8876
4550
1596
7354
1027
7709
3794
292
17267
13868
12166
1443
1511
12291
18380
15031
2090
18260
9746
1533
13617
2399
7485
12751
18639
10202
13595
19092
18910
15657
3862
13227
932
6184
17647
15147
8208
10605
16582
2270
11312
16165
159
6477
6970
6344
12889
8323
14621
66
11248
9420
13764
11898
18821
19938
19117
1985
14033
8229
19177
11695
4282
7829
16779
15224
9794
1867
16429
1618
10074
8284
3775
18332
19427
16192
8492
2814
2461
16054
6630
19815
3306
14356
18385
17118
4923
9291
7446
7104
14970
10997
2087
10130
10855
8877
14249
13221
8295
11936
6425
12065
14049
4399
13065
11786
19701
5058
14134
8441
7214
12806
6085
15989
15327
1772
937
19243
12778
5818
18100
10949
7628
6731
8861
2750
10101
10093
5244
16252
13261
7988
7401
9277
1320
3544
10648
258
14375
5347
11458
8390
1198
19294
18944
16003
11001
17782
5902
8005
17058
587
15486
19990
11367
18365
17333
12584
5141
10208
4258
19108
18736
12514
3279
2079
17023
15316
12538
8347
14549
940
15598
17009
19004
7361
19515
16415
12279
19338
12262
2132
1554
17298
2370
9280
6818
6531
4203
1530
3124
4443
16539
11560
7171
15075
17165
5906
11535
7052
16863
5112
16467
8509
16399
13958
18066
11538
2784
2357
929
14528
6084
9608
17424
4049
9468
17250
3317
280
7899
4134
8166
16314
13391
5608
7230
8190
15311
15209
8454
19790
10618
12089
13661
12843
7445
17699
1154
16538
6514
18913
11013
5548
1914
17225
2356
11713
363
4834
17940
18858
15414
14229
19079
18363
13704
16082
14334
7450
13671
19101
19655
17520
1521
15483
19619
9616
19023
10953
13967
18118
7695
13148
3946
8904
5865
18095
19939
16590
3353
11945
5453
12407
5626
47
13558
9494
6830
17341
14383
18514
8940
7811
1794
7211
9157
19116
6319
3603
13510
17519
15745
17450
2934
2563
2033
9738
15319
17348
15200
336
10047
1186
15298
2922
17613
922
6935
12817
19904
18410
12980
17610
7338
19402
18957
3440
15507
1303
13746
19285
10854
16648
19885
9546
14731
16911
16827
2258
19608
15912
9507
11617
12104
17278
14722
4505
4598
7910
10517
16698
11828
16142
4621
937
13742
17091
15203
8232
9127
11855
13047
10085
1132
17722
6964
866
13235
9237
2524
18069
8633
7374
7794
13743
10023
16488
15047
500
6994
8257
17965
7448
19858
5289
13872
7596
4401
338
16761
6978
2438
2213
17731
19692
12620
14022
256
16025
562
9161
16885
19819
17908
4880
18072
14972
13631
6385
4996
15771
12151
18208
17432
17320
14458
7652
19891
1102
9836
3509
7534
8426
12453
19459
1394
16865
11860
9250
11518
8866
998
4044
3876
12998
19283
251
6885
155
899
13032
7002
894
10011
11063
9304
12492
2257
4851
16759
11318
6892
13849
2546
16041
18455
6329
12820
10043
8338
12592
5587
11174
9381
9323
8367
12742
12529
11461
4471
10123
8010
398
14595
3736
4415
6847
9519
12343
4126
3365
12583
12408
15486
19091
15777
8393
15841
10694
3095
771
15139
12109
5475
10074
6828
11542
8662
15885
4932
12704
12488
10830
1887
5394
876
7543
8559
658
8909
16970
6106
9370
16807
19522
2241
19096
17577
11827
19554
2166
18838
16465
16607
3380
14881
14443
9542
179
477
6729
8397
18989
15455
8881
14054
8977
17865
12272
6296
14379
8025
7345
7457
8326
933
6826
14539
8667
15438
16163
39
15590
19631
2625
7705
9950
5313
14710
19642
12288
19230
8236
2365
8386
13248
19746
19437
4485
12201
2199
2840
8077
14562
8841
5358
18762
3927
19368
19440
15973
9655
4370
2215
1324
17128
7677
5804
11362
3424
10928
401
1648
15874
19735
14129
6390
6832
2524
2063
15528
3110
13589
3918
8787
7157
13917
567
2736
14468
5631
5682
15108
1653
11236
12676
19822
9722
7979
1653
10064
1364
10378
2181
4326
15719
10298
13058
682
10347
8023
16285
12403
2894
14687
62
4028
19412
9794
8550
16674
2012
17346
16355
14559
9242
12944
8005
13848
2017
14264
1586
6596
7840
14407
16525
5536
18177
18476
15887
19075
11338
13819
11632
1303
15826
3803
11515
13357
17282
9205
14288
17196
4818
887
5891
10651
1827
9561
9122
7705
569
17016
15857
11782
17696
12815
17538
1180
10816
14985
129
17305
8987
17077
8522
8194
18048
16878
3035
170
4921
592
18930
10639
16715
2200
17166
16817
2477
6425
6900
13779
10277
5032
13492
7803
11997
1110
13016
1110
7177
14754
9407
12932
7146
12591
8503
191
18048
13274
7898
511
12707
18657
14915
1805
9478
4141
14131
10091
17849
17952
4391
5742
19364
1914
1358
2254
10375
9769
12358
6586
11671
5241
11351
474
18180
8651
7007
12714
7921
13214
12415
4338
3640
18871
1339
17010
5471
9482
16663
16861
3454
16911
2019
13025
9277
12145
11336
1460
10001
9615
10113
6090
6443
74
7219
11630
263
3090
8864
1192
12813
16422
10505
19898
5840
15436
4451
14678
3786
8427
5394
13157
753
19976
17447
13139
18479
12852
12061
16360
1946
1794
17923
10669
2047
10227
13810
15035
6061
16403
12513
17843
15931
15827
7960
857
17921
14417
1422
4680
17890
9561
3170
5741
17729
2483
11779
5205
17933
2690
25
18194
8672
13050
10305
2880
18420
5270
14456
2375
14481
14191
5696
9078
2907
2768
18523
1461
1353
19830
11030
2300
16657
4500
13596
1630
18206
17189
19342
12335
7178
9346
10875
6325
9388
11633
126
11560
17302
8302
19079
12476
11367
5098
14363
137
12371
4400
10510
3840
11290
16356
13312
10229
15617
17948
2659
3894
62
17450
6576
10821
15189
2344
1568
4672
18923
17169
4314
14835
18492
6847
599
13903
3604
4784
10029
11238
14882
7153
11798
15105
15513
12994
2455
13571
2191
11971
4805
2044
2847
6551
14595
17887
1393
1393
12411
7629
17262
7482
7667
2688
9554
18762
2415
2489
8260
265
18015
10803
7841
8573
1749
12844
7392
13224
10495
5101
4693
9393
19208
2670
1941
6406
7681
16165
16682
9101
17050
1534
1442
12948
9272
4357
9745
19687
2734
6826
8551
7850
10447
11144
5212
4289
17919
8692
18320
5265
7155
18807
18305
9160
2523
15462
15263
4571
14623
16001
19725
16162
7907
55
13427
12566
6696
6976
5292
6815
12200
8452
14433
2832
13041
6247
9730
7375
3727
8816
13316
17777
19820
3736
14116
7831
2617
13138
12967
5050
11063
17861
5493
10413
5154
18306
14322
17714
10727
8079
16072
14533
12739
14219
6036
4642
4993
8528
5328
10580
17338
18164
13785
12601
11858
18902
11438
3355
3110
6817
2530
13295
15326
12689
9717
2638
19272
11132
14551
9245
7407
14382
1101
18688
3504
17120
11167
8000
2751
15273
7641
10747
10601
12065
17403
120
9553
1727
5533
2470
17339
5100
1951
18525
17176
9344
15511
16843
11250
7849
3073
10470
4224
3713
9290
9688
13245
7323
7428
2245
12822
4388
7850
11477
12136
14097
7084
18313
18335
11516
14521
6170
7111
19754
7599
18407
15734
15124
15185
1121
9952
17382
18401
2317
15215
7276
8509
8649
6546
11442
3724
6406
1275
4676
12053
19149
13080
14601
2197
19397
7005
3052
1350
10618
6588
3575
19895
14875
13230
13486
7448
3471
8802
15559
5594
1948
17557
11102
6934
761
12062
17463
15662
10258
16438
4579
322
15247
15444
4088
7029
3876
13997
7742
17485
8599
12898
6722
17271
11221
14565
6912
2519
17256
14567
4074
11328
4466
14731
11578
8064
16739
639
12146
19998
12271
5999
6687
1804
1704
10756
13988
7094
15348
781
12514
6844
14234
18483
18840
5298
17180
7463
12603
6842
13821
10786
19263
1563
1254
15874
357
3735
161
15739
1941
8680
10359
2519
7432
2544
2288
11396
6611
11910
2878
11404
11459
17677
14158
4694
3264
5352
16015
2534
18900
6222
568
1806
9462
4931
17966
17063
12275
14865
4819
12136
16681
7259
4068
1793
3580
16548
10070
8537
14975
3231
11221
4506
5697
10637
4692
8224
15816
4559
15056
18045
6633
16307
8173
5726
18929
14593
12886
17687
12597
9302
10945
10473
17516
4611
781
15018
314
18894
2262
5583
14346
14879
12760
16440
6227
5725
3271
3465
629
6565
7550
16966
17659
10711
17295
11178
9772
9371
15420
17155
13002
12896
11393
3568
17089
16189
8887
2207
967
3894
2562
10984
14320
11894
14588
5710
6353
11947
19759
3181
4619
187
6938
2590
18607
14019
1833
17081
18933
4647
894
2246
16947
7863
616
14414
2423
3501
7944
12603
8414
8648
10304
12982
3262
11079
4244
10534
4337
13763
4166
18119
10090
3885
15782
9322
9247
14812
5447
497
10364
917
19534
4108
17335
6220
11372
10144
10979
13083
10804
5661
16770
7041
4209
16142
15655
16463
14640
11596
13380
11839
13433
15494
1137
7356
1936
505
2773
9420
17772
18042
10517
8355
11605
9815
17185
5462
16957
18297
17353
16218
13417
14710
8848
1479
15999
18035
18322
17370
5320
4227
10117
1430
10162
2839
2541
15757
4375
341
2204
2767
2615
2038
14716
19415
16063
17858
11633
3767
5216
10412
9497
16191
17759
13928
94
2525
18513
7204
5855
167
12540
1848
6466
11443
1325
2225
9179
527
15710
19177
15223
13453
9143
8995
19926
3156
14420
6809
8642
906
13731
17871
17581
2351
18468
12197
990
11312
13463
7563
12591
6121
3254
4858
4649
12802
11501
4042
12695
6796
13196
18095
10198
9627
16118
328
1917
5140
1564
12647
18175
1627
6836
10166
14369
12049
13563
6819
11308
5506
5228
9611
2706
7657
