41
467
334
2500
1169
724
2478
2358
2962
464
2705
1145
2281
1827
961
491
2995
2942
1827
2436
2391
2604
902
153
292
382
2421
716
1718
1895
2447
726
2771
2538
1869
1912
1667
2299
2035
894
1703
2811
1322
333
2673
1664
141
1711
1253
868
1547
644
2662
2757
2037
859
2723
741
529
778
316
35
1190
1842
288
106
40
2942
1264
1648
446
2805
890
729
370
350
6
1101
393
548
1629
623
84
1954
756
2840
1966
1376
1931
2308
1944
2439
626
2323
2537
538
1118
2082
1929
1541
1833
1115
1639
2658
1704
930
1977
2306
1673
1386
2021
1745
2924
1072
270
2829
2777
573
2097
1512
2986
1290
161
636
1355
767
2655
574
1031
52
350
1150
1941
724
1966
430
1107
191
7
2337
457
287
753
1383
2945
2909
2209
758
221
588
422
946
506
1030
1413
2168
900
2591
762
1655
2410
359
624
2537
548
483
595
1041
602
350
1291
836
374
2020
1596
21
348
2199
1668
484
2281
1734
53
1999
2418
938
900
788
127
467
728
2893
648
1483
2807
2421
2310
617
1813
514
2309
1616
935
2451
2600
2249
1519
1556
1798
303
224
2008
2844
2609
2989
2702
195
2485
93
2343
523
1587
2314
503
1448
1200
1458
618
2580
1796
2798
281
1589
2798
1009
157
2472
2622
538
292
38
179
190
2657
1958
191
1815
1888
1156
2511
1202
2634
272
2055
2328
1646
2362
1886
875
1433
2869
2142
2844
1416
881
1998
1322
651
1021
2699
557
1476
892
389
2075
1712
2600
2510
3
2869
2861
2688
1401
789
255
1423
2002
1585
182
1285
88
1426
1617
2757
832
932
1169
2154
1721
2189
1976
1329
2368
1692
425
1555
434
1549
1441
512
145
60
718
753
1139
423
1279
1996
1687
529
1549
2437
1866
949
193
2195
297
2416
1286
1105
488
1282
455
1734
114
2701
1316
2671
2786
263
1313
355
1185
2053
912
1808
1832
2945
1313
756
1321
1558
2646
982
481
1144
2196
2222
1129
2161
2535
2450
2173
1466
44
659
2292
2439
2253
2024
2154
2510
1745
2649
1186
2313
1474
1022
2168
2018
787
905
2958
1391
1202
625
2477
1414
314
1824
2334
1874
372
2159
2833
1070
1487
1297
1518
2177
2773
2270
1763
2668
2192
1985
102
2480
2213
1627
1802
1099
527
2625
1543
1924
2023
2972
1061
2181
1003
432
2505
593
1725
1031
2492
142
2222
1286
1064
1900
1187
2360
1413
974
2270
2170
235
833
1711
1760
896
1667
1285
550
140
1694
2695
624
1019
2125
2576
694
1658
2302
2371
1466
1678
1593
2851
1484
1018
1464
119
2152
2800
87
1060
1926
10
1757
2170
2315
576
227
43
1758
1164
2109
1882
2086
2565
487
2577
2474
2625
1627
2629
1928
1423
1520
902
2962
123
596
737
1261
1195
2525
1264
2260
202
2116
2030
2326
2011
771
411
1547
153
520
2790
2924
188
763
1940
2851
662
1829
900
2713
958
2578
2365
1007
2477
1200
2058
439
2303
760
1357
2324
477
2108
113
2887
1801
1850
2460
1428
993
384
1405
540
1111
1704
835
2356
72
2350
823
2485
2556
2216
1626
357
2526
1357
2337
2271
2869
2361
896
1022
2617
1112
717
696
2585
41
423
129
229
1565
559
2932
1296
2855
53
1962
584
2734
654
1972
457
2369
1532
2963
2607
2483
911
2635
1067
1848
1675
938
2223
1142
2754
511
1741
2175
459
2825
221
2870
1626
1934
205
1783
2850
2398
1279
1701
193
734
1637
2534
2556
1993
1176
1705
962
1548
881
300
2413
1641
1855
855
1142
2462
611
877
2424
2678
1752
443
1296
673
1040
313
875
2072
818
610
1017
2932
1112
695
1169
2831
2040
2488
1685
1090
1497
2589
1990
145
1353
1314
651
2740
1044
2258
335
2759
2192
1605
1264
181
1503
829
2775
2608
2292
2997
2549
2556
1561
1627
467
2541
2129
1240
813
2174
2601
77
2215
2683
2213
2992
1824
2601
2392
759
2670
2428
1027
1084
1075
786
498
970
287
2847
2604
503
221
1663
2706
2363
10
1171
489
240
164
1542
1619
2913
1591
704
1818
232
750
1205
1975
1539
303
2422
98
2247
1584
1648
2971
2864
1913
2075
545
1712
2546
678
1769
262
2519
1985
1289
944
2865
540
2245
1508
1318
870
601
1323
132
472
152
1087
1570
2763
2901
2103
2423
527
2600
2969
2015
2565
28
543
1347
2088
2943
637
1409
2463
2049
1681
1588
2342
608
2060
221
1758
2954
2888
2146
690
1949
843
430
1620
748
67
1536
2783
35
2226
185
1038
853
1629
2224
748
1923
359
2257
766
1944
2955
2318
2726
1411
25
2355
1001
1549
496
584
515
2964
2342
2075
2913
1142
1196
948
1072
2426
2606
2173
429
2404
705
2626
2812
1375
93
1565
1036
2736
2141
814
2994
2256
652
2936
838
2482
1355
15
1131
230
2841
2625
2011
2637
1186
1690
1650
2662
634
1893
1353
416
1452
2008
1262
1233
2454
1303
1634
2303
2256
148
2124
317
1213
109
28
2200
80
318
1858
50
155
1361
264
2903
676
2643
2909
2902
561
1489
948
1282
1653
674
2220
2402
923
831
1369
878
2259
1008
1619
2971
3
945
781
2504
392
2685
1313
698
2589
722
2938
1037
410
1461
234
508
961
959
493
1515
1269
937
1869
58
2700
1971
2264
117
1215
555
1815
330
39
212
2288
1082
1954
1085
2710
484
774
2380
2815
1951
541
115
1679
2110
1898
2073
788
2977
132
2956
1689
2113
1008
941
790
1723
363
28
1184
778
1200
2071
1885
974
1071
2333
1867
2153
2295
2168
2825
676
629
1650
2598
309
1693
1686
80
1116
249
